# File generated by CMD 3.6 (http://stev.oapd.inaf.it/cmd) on Wed Apr  6 00:51:53 CEST 2022
# isochrones based on PARSEC release v1.2S +  COLIBRI S_37 + S_35 + PR16
# Basic references: Bressan et al. (2012), MNRAS, 427, 127 + Chen et al. (2014, 2015), MNRAS, 444, 2525 + MNRAS, 452, 1068 + Tang et al. (2014), MNRAS, 445, 4287 + Marigo et al. (2017), ApJ, 835, 77 + Pastorelli al. (2019), MNRAS, 485, 5666 + Pastorelli al. (2020), MNRAS, in press
# Thermal pulse cycles included 
# On RGB, assumed Reimers mass loss with efficiency eta=0.2
# LPV periods and growth rates added cf. Trabucchi et al. (2019)
# but fundamental-mode LPV periods are from Trabucchi et al. (2021)
# Photometric system: <i>UBVRIJHK</i> (cf. Maiz-Apellaniz 2006 + Bessell 1990)
# Using YBC version of bolometric corrections as in Chen et al. (2019)
# O-rich circumstellar dpmod60alox40 dust from Groenewegen (2006)
# C-rich circumstellar AMCSIC15 dust from Groenewegen (2006)
# IMF: Kroupa (2001, 2002) + Kroupa et al. (2013) canonical two-part-power law IMF corrected for unresolved binaries 
# Kind of output: isochrone tables
# Zini     MH   logAge Mini        int_IMF         Mass   logL    logTe  logg  label   McoreTP C_O  period0  period1  period2  period3  period4  pmode  Mloss  tau1m   X   Y   Xc  Xn  Xo  Cexcess  Z 	 mbolmag  Umag    Bmag    Vmag    Rmag    Imag    Jmag    Hmag    Kmag
0.0152 0.01508 10.00000 0.0900000036 1.0816895962    0.090 -3.423  3.3625  5.217    1  0.000  0.545     0.00     0.00     0.00     0.00     0.00 -1  -3.9e-17      0.00 7.080e-01 2.767e-01 2.746e-03 7.408e-04 6.719e-03 -1.000 1.527e-02 13.327 22.603 19.980 18.143 15.989 13.739 11.236 10.622 10.333
0.0152 0.01508 10.00000 0.1000000015 1.1711064577    0.100 -3.240  3.3884  5.184    1  0.000  0.545     0.00     0.00     0.00     0.00     0.00 -1 -2.59e-17      0.00 7.076e-01 2.771e-01 2.746e-03 7.408e-04 6.719e-03 -1.000 1.527e-02 12.871 22.084 19.497 17.669 15.527 13.283 10.781 10.168 9.875
0.0152 0.01508 10.00000 0.1077039689 1.2324166298    0.108 -3.133  3.4026  5.165    1  0.000  0.545     0.00     0.00     0.00     0.00     0.00 -1 -4.21e-17      0.00 7.072e-01 2.775e-01 2.746e-03 7.408e-04 6.719e-03 -1.000 1.527e-02 12.601 21.779 19.212 17.389 15.255 13.013 10.512 9.899 9.604
0.0152 0.01508 10.00000 0.1200000122 1.3193155527    0.120 -2.975  3.4232  5.137    1  0.000  0.545     0.00     0.00     0.00     0.00     0.00 -1 -1.04e-16      0.00 7.067e-01 2.780e-01 2.746e-03 7.408e-04 6.719e-03 -1.000 1.527e-02 12.209 21.003 18.569 16.775 14.723 12.538 10.135 9.521 9.222
0.0152 0.01508 10.00000 0.1400000006 1.4384527206    0.140 -2.792  3.4435  5.102    1  0.000  0.545     0.00     0.00     0.00     0.00     0.00 -1 -1.53e-16      0.00 7.060e-01 2.788e-01 2.746e-03 7.408e-04 6.719e-03 -1.000 1.527e-02 11.749 19.457 17.352 15.646 13.832 11.817 9.723 9.107 8.808
0.0152 0.01508 10.00000 0.1496137679 1.4881080389    0.150 -2.721  3.4502  5.087    1  0.000  0.545     0.00     0.00     0.00     0.00     0.00 -1 -1.77e-16      0.00 7.056e-01 2.791e-01 2.746e-03 7.408e-04 6.719e-03 -1.000 1.527e-02 11.573 18.951 16.940 15.263 13.521 11.563 9.563 8.946 8.648
0.0152 0.01508 10.00000 0.1599999964 1.5372931957    0.160 -2.650  3.4571  5.073    1  0.000  0.545     0.00     0.00     0.00     0.00     0.00 -1 -2.05e-16      0.00 7.053e-01 2.794e-01 2.746e-03 7.408e-04 6.719e-03 -1.000 1.527e-02 11.395 18.449 16.532 14.874 13.206 11.312 9.402 8.785 8.488
0.0152 0.01508 10.00000 0.2000000030 1.6938791275    0.200 -2.430  3.4758  5.025    1  0.000  0.545     0.00     0.00     0.00     0.00     0.00 -1 -3.21e-16      0.00 7.042e-01 2.806e-01 2.746e-03 7.408e-04 6.719e-03 -1.000 1.527e-02 10.846 17.106 15.404 13.806 12.320 10.593 8.898 8.279 7.991
0.0152 0.01508 10.00000 0.2500000000 1.8403258324    0.250 -2.217  3.4921  4.974    1  0.000  0.545     0.00     0.00     0.00     0.00     0.00 -1 -3.89e-17      0.00 7.033e-01 2.814e-01 2.746e-03 7.408e-04 6.719e-03 -1.000 1.527e-02 10.314 15.987 14.433 12.870 11.517 9.943 8.406 7.785 7.507
0.0152 0.01508 10.00000 0.3000000119 1.9529139996    0.300 -2.052  3.5027  4.930    1  0.000  0.545     0.00     0.00     0.00     0.00     0.00 -1 -1.13e-17      0.00 7.030e-01 2.817e-01 2.746e-03 7.408e-04 6.719e-03 -1.000 1.527e-02 9.900 15.252 13.775 12.245 10.963 9.471 8.018 7.393 7.124
0.0152 0.01508 10.00000 0.3493747413 2.0423915386    0.349 -1.906  3.5113  4.885    1  0.000  0.545     0.00     0.00     0.00     0.00     0.00 -1 -2.32e-16      0.00 7.088e-01 2.759e-01 2.746e-03 7.408e-04 6.719e-03 -1.000 1.527e-02 9.536 14.650 13.228 11.725 10.495 9.066 7.673 7.044 6.783
0.0152 0.01508 10.00000 0.3500000238 2.0434176922    0.350 -1.905  3.5114  4.884    1  0.000  0.545     0.00     0.00     0.00     0.00     0.00 -1 -2.34e-16      0.00 7.089e-01 2.759e-01 2.746e-03 7.408e-04 6.719e-03 -1.000 1.527e-02 9.532 14.644 13.222 11.719 10.490 9.061 7.669 7.040 6.779
0.0152 0.01508 10.00000 0.3668254316 2.0701627731    0.367 -1.854  3.5153  4.870    1  0.000  0.545     0.00     0.00     0.00     0.00     0.00 -1 -4.02e-16      0.00 7.089e-01 2.758e-01 2.746e-03 7.408e-04 6.719e-03 -1.000 1.527e-02 9.405 14.423 13.019 11.526 10.318 8.917 7.552 6.920 6.662
0.0152 0.01508 10.00000 0.4000000358 2.1185026169    0.400 -1.760  3.5225  4.842    1  0.000  0.545     0.00     0.00     0.00     0.00     0.00 -1 -1.31e-15      0.00 7.091e-01 2.756e-01 2.746e-03 7.408e-04 6.719e-03 -1.000 1.527e-02 9.171 14.027 12.651 11.175 10.004 8.654 7.335 6.699 6.447
0.0152 0.01508 10.00000 0.4500000477 2.1822810173    0.450 -1.610  3.5350  4.793    1  0.000  0.545     0.00     0.00     0.00     0.00     0.00 -1 -1.85e-15      0.00 7.092e-01 2.755e-01 2.746e-03 7.408e-04 6.719e-03 -1.000 1.527e-02 8.795 13.415 12.068 10.622 9.506 8.236 6.990 6.345 6.103
0.0152 0.01508 10.00000 0.5000000000 2.2374541759    0.500 -1.451  3.5504  4.742    1  0.000  0.545     0.00     0.00     0.00     0.00     0.00 -1 -2.68e-15      0.00 7.092e-01 2.755e-01 2.746e-03 7.408e-04 6.719e-03 -1.000 1.527e-02 8.398 12.782 11.446 10.027 8.969 7.796 6.632 5.975 5.745
0.0152 0.01508 10.00000 0.5500000119 2.2836582661    0.550 -1.273  3.5707  4.686    1  0.000  0.545     0.00     0.00     0.00     0.00     0.00 -1  -4.1e-15      0.00 7.319e-01 2.540e-01 2.545e-03 6.868e-04 6.231e-03 -1.000 1.417e-02 7.952 12.090 10.735 9.335 8.339 7.307 6.242 5.569 5.358
0.0152 0.01508 10.00000 0.6000000238 2.3211214542    0.600 -1.098  3.5958  4.649    1  0.000  0.544     0.00     0.00     0.00     0.00     0.00 -1 -6.13e-15      0.00 7.352e-01 2.507e-01 2.517e-03 6.796e-04 6.166e-03 -1.000 1.404e-02 7.515 11.393 10.003 8.639 7.704 6.836 5.871 5.178 5.003
0.0152 0.01508 10.00000 0.6499999762 2.3520355225    0.650 -0.919  3.6267  4.628    1  0.000  0.544     0.00     0.00     0.00     0.00     0.00 -1 -9.12e-15      0.00 7.383e-01 2.478e-01 2.492e-03 6.729e-04 6.107e-03 -1.000 1.389e-02 7.066 10.619 9.191 7.917 7.058 6.360 5.494 4.805 4.677
0.0152 0.01508 10.00000 0.6599115133 2.3575272560    0.660 -0.883  3.6331  4.625    1  0.000  0.544     0.00     0.00     0.00     0.00     0.00 -1 -9.87e-15      0.00 7.389e-01 2.472e-01 2.488e-03 6.716e-04 6.095e-03 -1.000 1.387e-02 6.977 10.440 9.019 7.772 6.931 6.267 5.420 4.737 4.618
0.0152 0.01508 10.00000 0.7000000477 2.3779268265    0.700 -0.743  3.6579  4.610    1  0.000  0.544     0.00     0.00     0.00     0.00     0.00 -1 -1.34e-14      0.00 7.412e-01 2.450e-01 2.469e-03 6.666e-04 6.050e-03 -1.000 1.378e-02 6.628 9.595 8.333 7.204 6.449 5.903 5.141 4.510 4.417
0.0152 0.01508 10.00000 0.7199136615 2.3870944977    0.720 -0.674  3.6700  4.601    1  0.000  0.541     0.00     0.00     0.00     0.00     0.00 -1 -1.57e-14      0.00 7.425e-01 2.438e-01 2.444e-03 6.634e-04 6.025e-03 -1.000 1.370e-02 6.456 9.146 8.005 6.936 6.230 5.723 5.004 4.410 4.325
0.0152 0.01508 10.00000 0.7426754832 2.3968837261    0.743 -0.596  3.6833  4.590    1  0.000  0.538     0.00     0.00     0.00     0.00     0.00 -1 -1.87e-14      0.00 7.440e-01 2.423e-01 2.417e-03 6.597e-04 5.996e-03 -1.000 1.365e-02 6.261 8.645 7.652 6.647 5.994 5.522 4.851 4.302 4.223
0.0152 0.01508 10.00000 0.7500000000 2.3998889923    0.750 -0.571  3.6875  4.586    1  0.000  0.537     0.00     0.00     0.00     0.00     0.00 -1 -1.98e-14      0.00 7.445e-01 2.419e-01 2.409e-03 6.585e-04 5.986e-03 -1.000 1.359e-02 6.198 8.497 7.544 6.559 5.921 5.458 4.801 4.265 4.189
0.0152 0.01508 10.00000 0.7583735585 2.4032430649    0.758 -0.544  3.6915  4.579    1  0.000  0.536     0.00     0.00     0.00     0.00     0.00 -1 -2.11e-14      0.00 7.453e-01 2.412e-01 2.403e-03 6.568e-04 5.971e-03 -1.000 1.353e-02 6.129 8.345 7.433 6.465 5.843 5.389 4.745 4.221 4.146
0.0152 0.01508 10.00000 0.7776705623 2.4106569290    0.777 -0.480  3.7006  4.563    1  0.000  0.536     0.00     0.00     0.00     0.00     0.00 -1 -2.47e-14      0.00 7.470e-01 2.395e-01 2.388e-03 6.530e-04 5.937e-03 -1.000 1.349e-02 5.969 7.993 7.180 6.253 5.665 5.230 4.617 4.120 4.050
0.0152 0.01508 10.00000 0.7952715158 2.4170596600    0.795 -0.422  3.7088  4.547    1  0.000  0.536     0.00     0.00     0.00     0.00     0.00 -1 -2.84e-14      0.00 7.486e-01 2.380e-01 2.375e-03 6.496e-04 5.906e-03 -1.000 1.341e-02 5.824 7.690 6.961 6.066 5.506 5.086 4.500 4.028 3.960
0.0152 0.01508 10.00000 0.8000000119 2.4187245369    0.800 -0.406  3.7109  4.542    1  0.000  0.536     0.00     0.00     0.00     0.00     0.00 -1 -2.95e-14      0.00 7.490e-01 2.376e-01 2.372e-03 6.487e-04 5.898e-03 -1.000 1.340e-02 5.785 7.610 6.902 6.017 5.463 5.047 4.469 4.002 3.936
0.0152 0.01508 10.00000 0.8115743399 2.4227061272    0.811 -0.367  3.7160  4.530    1  0.000  0.536     0.00     0.00     0.00     0.00     0.00 -1 -3.24e-14      0.00 7.502e-01 2.365e-01 2.362e-03 6.460e-04 5.874e-03 -1.000 1.335e-02 5.688 7.419 6.762 5.897 5.360 4.954 4.391 3.938 3.874
0.0152 0.01508 10.00000 0.8286699653 2.4283535480    0.828 -0.310  3.7232  4.511    1  0.000  0.536     0.00     0.00     0.00     0.00     0.00 -1 -3.75e-14      0.00 7.520e-01 2.347e-01 2.348e-03 6.421e-04 5.840e-03 -1.000 1.330e-02 5.545 7.144 6.560 5.724 5.209 4.814 4.275 3.841 3.781
0.0152 0.01508 10.00000 0.8440065980 2.4331967831    0.843 -0.258  3.7295  4.492    1  0.000  0.536     0.00     0.00     0.00     0.00     0.00 -1 -4.27e-14      0.00 7.536e-01 2.332e-01 2.335e-03 6.386e-04 5.809e-03 -1.000 1.323e-02 5.416 6.906 6.384 5.571 5.074 4.689 4.169 3.752 3.693
0.0152 0.01508 10.00000 0.8500000238 2.4350347519    0.849 -0.238  3.7319  4.485    1  0.000  0.536     0.00     0.00     0.00     0.00     0.00 -1  -4.5e-14      0.00 7.542e-01 2.326e-01 2.330e-03 6.373e-04 5.797e-03 -1.000 1.320e-02 5.365 6.815 6.315 5.512 5.021 4.641 4.128 3.718 3.660
0.0152 0.01508 10.00000 0.8506687880 2.4352381229    0.850 -0.236  3.7321  4.484    1  0.000  0.536     0.00     0.00     0.00     0.00     0.00 -1 -4.52e-14      0.00 7.543e-01 2.325e-01 2.329e-03 6.371e-04 5.795e-03 -1.000 1.319e-02 5.359 6.805 6.308 5.505 5.016 4.635 4.123 3.714 3.656
0.0152 0.01508 10.00000 0.8669279814 2.4400689602    0.866 -0.179  3.7381  4.460    1  0.000  0.536     0.00     0.00     0.00     0.00     0.00 -1 -5.24e-14      0.00 7.563e-01 2.306e-01 2.312e-03 6.326e-04 5.754e-03 -1.000 1.312e-02 5.219 6.564 6.121 5.343 4.871 4.501 4.008 3.613 3.558
0.0152 0.01508 10.00000 0.8824838996 2.4444997311    0.882 -0.125  3.7436  4.434    1  0.000  0.536     0.00     0.00     0.00     0.00     0.00 -1 -6.06e-14      0.00 7.583e-01 2.287e-01 2.296e-03 6.283e-04 5.716e-03 -1.000 1.296e-02 5.082 6.332 5.945 5.189 4.733 4.372 3.895 3.514 3.461
0.0152 0.01508 10.00000 0.8968155384 2.4484257698    0.896 -0.074  3.7483  4.409    1  0.000  0.536     0.00     0.00     0.00     0.00     0.00 -1 -6.97e-14      0.00 7.601e-01 2.270e-01 2.282e-03 6.244e-04 5.681e-03 -1.000 1.289e-02 4.954 6.121 5.783 5.047 4.605 4.252 3.788 3.417 3.367
0.0152 0.01508 10.00000 0.9000000358 2.4492788315    0.899 -0.062  3.7493  4.403    1  0.000  0.535     0.00     0.00     0.00     0.00     0.00 -1 -7.19e-14      0.00 7.605e-01 2.267e-01 2.279e-03 6.235e-04 5.673e-03 -1.000 1.288e-02 4.925 6.074 5.747 5.015 4.576 4.224 3.763 3.395 3.345
0.0152 0.01508 10.00000 0.9123090506 2.4525110722    0.911 -0.017  3.7528  4.377    1  0.000  0.535     0.00     0.00     0.00     0.00     0.00 -1 -8.16e-14      0.00 7.623e-01 2.248e-01 2.263e-03 6.194e-04 5.636e-03 -1.000 1.284e-02 4.811 5.904 5.610 4.893 4.464 4.117 3.666 3.306 3.258
0.0152 0.01508 10.00000 0.9294092059 2.4568386078    0.928  0.047  3.7570  4.339    1  0.000  0.535     0.00     0.00     0.00     0.00     0.00 -1 -9.78e-14      0.00 7.649e-01 2.224e-01 2.242e-03 6.138e-04 5.587e-03 -1.000 1.272e-02 4.652 5.679 5.422 4.724 4.306 3.966 3.526 3.175 3.129
0.0152 0.01508 10.00000 0.9448647499 2.4605951309    0.944  0.104  3.7599  4.300    1  0.000  0.535     0.00     0.00     0.00     0.00     0.00 -1 -1.16e-13      0.00 7.668e-01 2.206e-01 2.227e-03 6.097e-04 5.550e-03 -1.000 1.259e-02 4.509 5.491 5.260 4.573 4.164 3.828 3.396 3.052 3.007
0.0152 0.01508 10.00000 0.9500000477 2.4618122578    0.949  0.125  3.7607  4.285    1  0.000  0.535     0.00     0.00     0.00     0.00     0.00 -1 -1.23e-13      0.00 7.668e-01 2.206e-01 2.228e-03 6.099e-04 5.551e-03 -1.000 1.260e-02 4.458 5.427 5.202 4.520 4.113 3.779 3.349 3.007 2.962
0.0152 0.01508 10.00000 0.9568482041 2.4634120464    0.956  0.153  3.7618  4.265    1  0.000  0.535     0.00     0.00     0.00     0.00     0.00 -1 -1.34e-13      0.00 7.670e-01 2.204e-01 2.227e-03 6.096e-04 5.550e-03 -1.000 1.261e-02 4.388 5.342 5.126 4.448 4.044 3.712 3.284 2.944 2.901
0.0152 0.01508 10.00000 0.9585533142 2.4638063908    0.957  0.160  3.7620  4.259    1  0.000  0.535     0.00     0.00     0.00     0.00     0.00 -1 -1.37e-13      0.00 7.669e-01 2.205e-01 2.227e-03 6.098e-04 5.551e-03 -1.000 1.262e-02 4.370 5.321 5.106 4.430 4.026 3.694 3.267 2.928 2.885
0.0152 0.01508 10.00000 0.9680970907 2.4659833908    0.967  0.201  3.7628  4.225    1  0.000  0.535     0.00     0.00     0.00     0.00     0.00 -1 -1.56e-13      0.00 7.662e-01 2.211e-01 2.234e-03 6.117e-04 5.568e-03 -1.000 1.269e-02 4.267 5.206 4.998 4.325 3.924 3.593 3.168 2.831 2.788
0.0152 0.01508 10.00000 0.9755672216 2.4676535130    0.975  0.234  3.7628  4.196    1  0.000  0.535     0.00     0.00     0.00     0.00     0.00 -1 -1.73e-13      0.00 7.654e-01 2.219e-01 2.243e-03 6.142e-04 5.591e-03 -1.000 1.273e-02 4.184 5.120 4.913 4.242 3.841 3.511 3.086 2.748 2.705
0.0152 0.01508 10.00000 0.9840705991 2.4695188999    0.983  0.273  3.7621  4.158    1  0.000  0.535     0.00     0.00     0.00     0.00     0.00 -1 -1.97e-13      0.00 7.635e-01 2.236e-01 2.263e-03 6.195e-04 5.640e-03 -1.000 1.284e-02 4.086 5.029 4.819 4.145 3.743 3.412 2.985 2.647 2.603
0.0152 0.01508 10.00000 0.9897478223 2.4707438946    0.989  0.300  3.7610  4.129    1  0.000  0.535     0.00     0.00     0.00     0.00     0.00 -1 -2.16e-13      0.00 7.618e-01 2.253e-01 2.280e-03 6.244e-04 5.684e-03 -1.000 1.290e-02 4.019 4.975 4.758 4.080 3.676 3.343 2.913 2.572 2.528
0.0152 0.01508 10.00000 0.9916135669 2.4711430073    0.991  0.309  3.7605  4.119    2  0.000  0.535     0.00     0.00     0.00     0.00     0.00 -1 -2.24e-13      0.00 7.604e-01 2.265e-01 2.293e-03 6.280e-04 5.717e-03 -1.000 1.303e-02 3.997 4.959 4.739 4.059 3.654 3.320 2.888 2.546 2.502
0.0152 0.01508 10.00000 0.9992115498 2.4727504253    0.998  0.346  3.7568  4.071    2  0.000  0.535     0.00     0.00     0.00     0.00     0.00 -1 -2.55e-13      0.00 7.543e-01 2.323e-01 2.350e-03 6.435e-04 5.858e-03 -1.000 1.334e-02 3.905 4.917 4.670 3.976 3.562 3.223 2.780 2.429 2.384
0.0152 0.01508 10.00000 1.0000000000 2.4729156494    0.999  0.349  3.7560  4.064    2  0.000  0.535     0.00     0.00     0.00     0.00     0.00 -1 -2.59e-13      0.00 7.534e-01 2.332e-01 2.358e-03 6.457e-04 5.878e-03 -1.000 1.339e-02 3.897 4.919 4.666 3.969 3.553 3.213 2.768 2.415 2.369
0.0152 0.01508 10.00000 1.0062853098 2.4742217064    1.005  0.377  3.7489  4.011    2  0.000  0.535     0.00     0.00     0.00     0.00     0.00 -1  -2.9e-13      0.00 7.453e-01 2.409e-01 2.427e-03 6.645e-04 6.047e-03 -1.000 1.375e-02 3.828 4.950 4.644 3.918 3.485 3.133 2.668 2.298 2.249
0.0152 0.01508 10.00000 1.0105534792 2.4750981331    1.009  0.388  3.7396  3.965    2  0.000  0.536     0.00     0.00     0.00     0.00     0.00 -1 -3.12e-13      0.00 7.380e-01 2.480e-01 2.486e-03 6.803e-04 6.188e-03 -1.000 1.407e-02 3.800 5.056 4.674 3.914 3.460 3.094 2.602 2.209 2.157
0.0152 0.01508 10.00000 1.0134459734 2.4756872654    1.012  0.388  3.7291  3.923    2  0.000  0.536     0.00     0.00     0.00     0.00     0.00 -1 -3.27e-13      0.00 7.322e-01 2.535e-01 2.531e-03 6.923e-04 6.296e-03 -1.000 1.433e-02 3.799 5.212 4.748 3.947 3.467 3.083 2.559 2.139 2.082
0.0152 0.01508 10.00000 1.0154302120 2.4760892391    1.014  0.388  3.7192  3.885    2  0.000  0.536     0.00     0.00     0.00     0.00     0.00 -1  -3.4e-13      0.00 7.280e-01 2.575e-01 2.563e-03 7.006e-04 6.370e-03 -1.000 1.445e-02 3.799 5.369 4.822 3.983 3.478 3.078 2.521 2.075 2.014
0.0152 0.01508 10.00000 1.0172933340 2.4764649868    1.016  0.399  3.7096  3.836    2  0.000  0.537     0.00     0.00     0.00     0.00     0.00 -1 -3.67e-13      0.00 7.242e-01 2.611e-01 2.589e-03 7.078e-04 6.433e-03 -1.000 1.463e-02 3.772 5.504 4.871 3.996 3.465 3.048 2.459 1.985 1.921
0.0152 0.01508 10.00000 1.0191289186 2.4768335819    1.018  0.429  3.7015  3.774    2  0.000  0.537     0.00     0.00     0.00     0.00     0.00 -1 -4.19e-13      0.00 7.205e-01 2.647e-01 2.612e-03 7.139e-04 6.487e-03 -1.000 1.476e-02 3.696 5.567 4.863 3.956 3.403 2.971 2.355 1.858 1.790
0.0152 0.01508 10.00000 1.0201272964 2.4770333767    1.019  0.454  3.6980  3.736    2  0.000  0.537     0.00     0.00     0.00     0.00     0.00 -1 -4.62e-13      0.00 7.185e-01 2.667e-01 2.623e-03 7.169e-04 6.514e-03 -1.000 1.479e-02 3.635 5.569 4.834 3.913 3.349 2.910 2.282 1.774 1.705
0.0152 0.01508 10.00000 1.0215713978 2.4773216248    1.020  0.505  3.6946  3.673    3  0.000  0.537     0.00     0.00     0.00     0.00     0.00 -1 -5.56e-13      0.00 7.152e-01 2.699e-01 2.635e-03 7.206e-04 6.545e-03 -1.000 1.486e-02 3.509 5.499 4.737 3.802 3.230 2.785 2.144 1.626 1.555
0.0152 0.01508 10.00000 1.0228266716 2.4775714874    1.021  0.556  3.6923  3.613    3  0.000  0.535     0.00     0.00     0.00     0.00     0.00 -1 -6.69e-13      0.00 7.120e-01 2.731e-01 2.634e-03 7.262e-04 6.567e-03 -1.000 1.493e-02 3.380 5.407 4.628 3.685 3.108 2.657 2.009 1.483 1.411
0.0152 0.01508 10.00000 1.0237306356 2.4777510166    1.022  0.597  3.6910  3.566    3  0.000  0.530     0.00     0.00     0.00     0.00     0.00 -1 -7.75e-13      0.00 7.092e-01 2.758e-01 2.616e-03 7.415e-04 6.581e-03 -1.000 1.498e-02 3.277 5.322 4.535 3.587 3.007 2.554 1.901 1.371 1.298
0.0152 0.01508 10.00000 1.0245987177 2.4779229164    1.023  0.641  3.6898  3.518    3  0.000  0.521     0.00     0.00     0.00     0.00     0.00 -1 -9.02e-13      0.00 7.064e-01 2.785e-01 2.575e-03 7.804e-04 6.594e-03 -1.000 1.502e-02 3.169 5.230 4.437 3.484 2.903 2.447 1.789 1.255 1.183
0.0152 0.01508 10.00000 1.0254149437 2.4780843258    1.024  0.684  3.6886  3.470    3  0.000  0.508     0.00     0.00     0.00     0.00     0.00 -1 -1.05e-12      0.00 7.038e-01 2.811e-01 2.516e-03 8.457e-04 6.603e-03 -1.000 1.503e-02 3.059 5.139 4.338 3.380 2.796 2.338 1.676 1.139 1.066
0.0152 0.01508 10.00000 1.0261753798 2.4782345295    1.025  0.729  3.6876  3.422    3  0.000  0.495     0.00     0.00     0.00     0.00     0.00 -1 -1.23e-12      0.00 7.014e-01 2.835e-01 2.453e-03 9.225e-04 6.610e-03 -1.000 1.506e-02 2.949 5.049 4.239 3.276 2.689 2.228 1.562 1.022 0.948
0.0152 0.01508 10.00000 1.0268266201 2.4783627987    1.025  0.769  3.6866  3.378    3  0.000  0.484     0.00     0.00     0.00     0.00     0.00 -1 -1.42e-12      0.00 6.993e-01 2.856e-01 2.400e-03 9.900e-04 6.616e-03 -1.000 1.508e-02 2.847 4.966 4.148 3.179 2.589 2.127 1.457 0.914 0.840
0.0152 0.01508 10.00000 1.0274474621 2.4784851074    1.026  0.811  3.6855  3.332    3  0.000  0.475     0.00     0.00     0.00     0.00     0.00 -1 -1.65e-12      0.00 6.976e-01 2.873e-01 2.360e-03 1.041e-03 6.621e-03 -1.000 1.509e-02 2.742 4.882 4.054 3.079 2.487 2.023 1.348 0.803 0.728
0.0152 0.01508 10.00000 1.0280750990 2.4786083698    1.026  0.857  3.6842  3.281    3  0.000  0.468     0.00     0.00     0.00     0.00     0.00 -1 -1.94e-12      0.00 6.960e-01 2.889e-01 2.327e-03 1.083e-03 6.624e-03 -1.000 1.511e-02 2.627 4.792 3.952 2.971 2.376 1.908 1.229 0.680 0.605
0.0152 0.01508 10.00000 1.0286061764 2.4787127972    1.027  0.899  3.6830  3.234    3  0.000  0.464     0.00     0.00     0.00     0.00     0.00 -1 -2.25e-12      0.00 6.949e-01 2.900e-01 2.306e-03 1.112e-03 6.627e-03 -1.000 1.513e-02 2.523 4.711 3.861 2.873 2.274 1.804 1.120 0.568 0.492
0.0152 0.01508 10.00000 1.0290813446 2.4788057804    1.027  0.940  3.6817  3.189    3  0.000  0.460     0.00     0.00     0.00     0.00     0.00 -1 -2.61e-12      0.00 6.940e-01 2.909e-01 2.290e-03 1.132e-03 6.629e-03 -1.000 1.513e-02 2.421 4.635 3.772 2.777 2.176 1.703 1.015 0.458 0.382
0.0152 0.01508 10.00000 1.0295226574 2.4788923264    1.028  0.980  3.6804  3.144    3  0.000  0.458     0.00     0.00     0.00     0.00     0.00 -1 -3.01e-12      0.00 6.933e-01 2.916e-01 2.277e-03 1.149e-03 6.631e-03 -1.000 1.511e-02 2.321 4.560 3.685 2.684 2.079 1.603 0.910 0.350 0.273
0.0152 0.01508 10.00000 1.0299593210 2.4789776802    1.028  1.023  3.6789  3.094    3  0.000  0.456     0.00     0.00     0.00     0.00     0.00 -1 -3.52e-12      0.00 6.928e-01 2.921e-01 2.268e-03 1.161e-03 6.632e-03 -1.000 1.512e-02 2.212 4.484 3.593 2.584 1.974 1.495 0.796 0.231 0.154
0.0152 0.01508 10.00000 1.0304344893 2.4790706635    1.028  1.075  3.6769  3.035    3  0.000  0.454     0.00     0.00     0.00     0.00     0.00 -1 -4.24e-12      0.00 6.923e-01 2.926e-01 2.261e-03 1.170e-03 6.633e-03 -1.000 1.513e-02 2.082 4.397 3.485 2.466 1.851 1.367 0.660 0.090 0.011
0.0152 0.01508 10.00000 1.0307823420 2.4791386127    1.029  1.117  3.6753  2.986    3  0.000  0.454     0.00     0.00     0.00     0.00     0.00 -1 -4.93e-12      0.00 6.921e-01 2.927e-01 2.258e-03 1.174e-03 6.634e-03 -1.000 1.513e-02 1.978 4.327 3.399 2.371 1.751 1.264 0.551 -0.025 -0.105
0.0152 0.01508 10.00000 1.0310891867 2.4791984558    1.029  1.157  3.6736  2.940    3  0.000  0.453     0.00     0.00     0.00     0.00     0.00 -1 -5.69e-12      0.00 6.921e-01 2.928e-01 2.256e-03 1.176e-03 6.634e-03 -1.000 1.513e-02 1.879 4.262 3.317 2.281 1.657 1.166 0.447 -0.134 -0.215
0.0152 0.01508 10.00000 1.0313726664 2.4792537689    1.029  1.196  3.6720  2.894    3  0.000  0.453     0.00     0.00     0.00     0.00     0.00 -1 -6.57e-12      0.00 6.920e-01 2.928e-01 2.255e-03 1.177e-03 6.634e-03 -1.000 1.513e-02 1.780 4.198 3.236 2.192 1.564 1.069 0.343 -0.243 -0.324
0.0152 0.01508 10.00000 1.0317133665 2.4793200493    1.029  1.248  3.6697  2.834    3  0.000  0.453     0.00     0.00     0.00     0.00     0.00 -1 -7.93e-12      0.00 6.920e-01 2.928e-01 2.255e-03 1.178e-03 6.634e-03 -1.000 1.513e-02 1.651 4.117 3.131 2.077 1.441 0.942 0.207 -0.386 -0.469
0.0152 0.01508 10.00000 1.0320152044 2.4793789387    1.030  1.298  3.6673  2.774    3  0.000  0.453     0.00     0.00     0.00     0.00     0.00 -1 -9.52e-12      0.00 6.920e-01 2.928e-01 2.255e-03 1.178e-03 6.634e-03 -1.000 1.514e-02 1.526 4.042 3.032 1.966 1.324 0.819 0.075 -0.525 -0.609
0.0152 0.01508 10.00000 1.0322917700 2.4794328213    1.030  1.348  3.6649  2.715    3  0.000  0.453     0.00     0.00     0.00     0.00     0.00 -1 -1.14e-11      0.00 6.920e-01 2.929e-01 2.254e-03 1.178e-03 6.634e-03 -1.000 1.514e-02 1.401 3.968 2.934 1.856 1.207 0.697 -0.056 -0.664 -0.750
0.0152 0.01508 10.00000 1.0325486660 2.4794826508    1.030  1.398  3.6624  2.655    3  0.000  0.453     0.00     0.00     0.00     0.00     0.00 -1 -1.37e-11      0.00 6.920e-01 2.929e-01 2.254e-03 1.179e-03 6.635e-03 -1.000 1.514e-02 1.276 3.897 2.836 1.747 1.091 0.575 -0.188 -0.803 -0.891
0.0152 0.01508 10.00000 1.0327839851 2.4795284271    1.030  1.445  3.6600  2.598    3  0.000  0.453     0.00     0.00     0.00     0.00     0.00 -1 -1.64e-11      0.00 6.920e-01 2.929e-01 2.254e-03 1.179e-03 6.635e-03 -1.000 1.514e-02 1.157 3.830 2.744 1.643 0.980 0.458 -0.314 -0.936 -1.026
0.0152 0.01508 10.00000 1.0330250263 2.4795753956    1.030  1.490  3.6577  2.544    3  0.000  0.453     0.00     0.00     0.00     0.00     0.00 -1 -1.93e-11      0.00 6.920e-01 2.929e-01 2.254e-03 1.180e-03 6.635e-03 -1.000 1.514e-02 1.045 3.770 2.659 1.547 0.877 0.350 -0.432 -1.062 -1.153
0.0152 0.01508 10.00000 1.0332717896 2.4796233177    1.030  1.524  3.6559  2.502    3  0.000  0.453     0.00     0.00     0.00     0.00     0.00 -1  -2.2e-11      0.00 6.920e-01 2.929e-01 2.253e-03 1.180e-03 6.635e-03 -1.000 1.514e-02 0.959 3.724 2.594 1.474 0.798 0.266 -0.522 -1.158 -1.250
0.0152 0.01508 10.00000 1.0334594250 2.4796595573    1.030  1.496  3.6579  2.539    3  0.000  0.453     0.00     0.00     0.00     0.00     0.00 -1    -2e-11      0.00 6.920e-01 2.929e-01 2.253e-03 1.180e-03 6.635e-03 -1.000 1.514e-02 1.031 3.750 2.642 1.531 0.862 0.335 -0.445 -1.074 -1.166
0.0152 0.01508 10.00000 1.0335848331 2.4796841145    1.030  1.454  3.6606  2.591    3  0.000  0.453     0.00     0.00     0.00     0.00     0.00 -1 -1.72e-11      0.00 6.920e-01 2.929e-01 2.253e-03 1.180e-03 6.635e-03 -1.000 1.514e-02 1.135 3.794 2.715 1.617 0.956 0.436 -0.335 -0.955 -1.044
0.0152 0.01508 10.00000 1.0335954428 2.4796860218    1.030  1.451  3.6608  2.595    3  0.000  0.453     0.00     0.00     0.00     0.00     0.00 -1 -1.69e-11      0.00 6.920e-01 2.929e-01 2.253e-03 1.180e-03 6.635e-03 -1.000 1.514e-02 1.142 3.797 2.720 1.622 0.962 0.442 -0.327 -0.947 -1.036
0.0152 0.01508 10.00000 1.0337706804 2.4797201157    1.030  1.498  3.6583  2.538    3  0.000  0.453     0.00     0.00     0.00     0.00     0.00 -1 -1.98e-11      0.00 6.920e-01 2.929e-01 2.253e-03 1.181e-03 6.635e-03 -1.000 1.514e-02 1.026 3.737 2.633 1.524 0.856 0.330 -0.449 -1.077 -1.168
0.0152 0.01508 10.00000 1.0339505672 2.4797549248    1.030  1.545  3.6556  2.480    3  0.000  0.453     0.00     0.00     0.00     0.00     0.00 -1 -2.36e-11      0.00 6.920e-01 2.929e-01 2.253e-03 1.181e-03 6.635e-03 -1.000 1.514e-02 0.908 3.685 2.548 1.424 0.747 0.215 -0.575 -1.211 -1.304
0.0152 0.01508 10.00000 1.0341225863 2.4797883034    1.030  1.593  3.6529  2.422    3  0.000  0.453     0.00     0.00     0.00     0.00     0.00 -1 -2.82e-11      0.00 6.919e-01 2.929e-01 2.252e-03 1.181e-03 6.635e-03 -1.000 1.514e-02 0.788 3.646 2.466 1.324 0.637 0.097 -0.704 -1.347 -1.442
0.0152 0.01508 10.00000 1.0342770815 2.4798181057    1.030  1.639  3.6502  2.364    3  0.000  0.453     0.00     0.00     0.00     0.00     0.00 -1 -3.35e-11      0.00 6.919e-01 2.929e-01 2.252e-03 1.181e-03 6.635e-03 -1.000 1.514e-02 0.672 3.610 2.388 1.227 0.530 -0.016 -0.827 -1.479 -1.576
0.0152 0.01508 10.00000 1.0344238281 2.4798467159    1.030  1.687  3.6474  2.306    3  0.000  0.452     0.00     0.00     0.00     0.00     0.00 -1    -4e-11      0.00 6.919e-01 2.929e-01 2.252e-03 1.182e-03 6.635e-03 -1.000 1.514e-02 0.553 3.578 2.310 1.130 0.423 -0.131 -0.954 -1.614 -1.713
0.0152 0.01508 10.00000 1.0345529318 2.4798715115    1.030  1.733  3.6446  2.249    3  0.000  0.452     0.00     0.00     0.00     0.00     0.00 -1 -4.74e-11      0.00 6.919e-01 2.929e-01 2.252e-03 1.182e-03 6.635e-03 -1.000 1.514e-02 0.439 3.550 2.238 1.039 0.321 -0.242 -1.076 -1.744 -1.845
0.0152 0.01508 10.00000 1.0346741676 2.4798951149    1.030  1.779  3.6417  2.191    3  0.000  0.452     0.00     0.00     0.00     0.00     0.00 -1 -5.64e-11      0.00 6.919e-01 2.929e-01 2.252e-03 1.182e-03 6.635e-03 -1.000 1.514e-02 0.322 3.523 2.164 0.945 0.216 -0.354 -1.200 -1.877 -1.980
0.0152 0.01508 10.00000 1.0347834826 2.4799163342    1.030  1.825  3.6389  2.134    3  0.000  0.452     0.00     0.00     0.00     0.00     0.00 -1 -6.69e-11      0.00 6.919e-01 2.929e-01 2.252e-03 1.182e-03 6.635e-03 -1.000 1.514e-02 0.208 3.498 2.093 0.855 0.115 -0.464 -1.322 -2.007 -2.112
0.0152 0.01508 10.00000 1.0348836184 2.4799356461    1.030  1.870  3.6360  2.077    3  0.000  0.452     0.00     0.00     0.00     0.00     0.00 -1 -7.93e-11      0.00 6.919e-01 2.929e-01 2.252e-03 1.182e-03 6.636e-03 -1.000 1.514e-02 0.095 3.478 2.025 0.768 0.017 -0.573 -1.442 -2.137 -2.244
0.0152 0.01508 10.00000 1.0349775553 2.4799537659    1.030  1.916  3.6330  2.019    3  0.000  0.452     0.00     0.00     0.00     0.00     0.00 -1 -9.42e-11      0.00 6.919e-01 2.929e-01 2.251e-03 1.183e-03 6.636e-03 -1.000 1.514e-02 -0.019 3.459 1.957 0.680 -0.083 -0.682 -1.564 -2.268 -2.378
0.0152 0.01508 10.00000 1.0350606441 2.4799699783    1.029  1.960  3.6301  1.963    3  0.000  0.452     0.00     0.00     0.00     0.00     0.00 -1 -1.11e-10      0.00 6.919e-01 2.929e-01 2.251e-03 1.183e-03 6.636e-03 -1.000 1.514e-02 -0.130 3.422 1.892 0.593 -0.179 -0.787 -1.681 -2.391 -2.504
0.0152 0.01508 10.00000 1.0351366997 2.4799845219    1.029  2.004  3.6271  1.907    3  0.000  0.452     0.00     0.00     0.00     0.00     0.00 -1 -1.31e-10      0.00 6.919e-01 2.929e-01 2.251e-03 1.183e-03 6.636e-03 -1.000 1.514e-02 -0.240 3.374 1.829 0.507 -0.271 -0.889 -1.797 -2.510 -2.629
0.0152 0.01508 10.00000 1.0352082253 2.4799983501    1.029  2.049  3.6241  1.850    3  0.000  0.452     0.00     0.00     0.00     0.00     0.00 -1 -1.56e-10      0.00 6.919e-01 2.929e-01 2.251e-03 1.183e-03 6.636e-03 -1.000 1.514e-02 -0.353 3.322 1.764 0.419 -0.365 -0.994 -1.915 -2.632 -2.757
0.0152 0.01508 10.00000 1.0352715254 2.4800107479    1.029  2.092  3.6211  1.794    3  0.000  0.452     0.00     0.00     0.00     0.00     0.00 -1 -1.84e-10      0.00 6.919e-01 2.930e-01 2.251e-03 1.183e-03 6.636e-03 -1.000 1.514e-02 -0.461 3.272 1.701 0.335 -0.456 -1.093 -2.028 -2.750 -2.880
0.0152 0.01508 10.00000 1.0353313684 2.4800221920    1.028  2.137  3.6180  1.737    3  0.000  0.452     0.00     0.00     0.00     0.00     0.00 -1 -2.17e-10      0.00 6.919e-01 2.930e-01 2.251e-03 1.183e-03 6.636e-03 -1.000 1.514e-02 -0.572 3.216 1.635 0.250 -0.547 -1.195 -2.144 -2.870 -3.006
0.0152 0.01508 10.00000 1.0353835821 2.4800322056    1.028  2.179  3.6150  1.683    3  0.000  0.452     0.00     0.00     0.00     0.00     0.00 -1 -2.55e-10      0.00 6.919e-01 2.930e-01 2.251e-03 1.183e-03 6.636e-03 -1.000 1.514e-02 -0.676 3.164 1.575 0.172 -0.632 -1.290 -2.253 -2.984 -3.126
0.0152 0.01508 10.00000 1.0354336500 2.4800419807    1.027  2.222  3.6119  1.627    3  0.000  0.452     0.00     0.00     0.00     0.00     0.00 -1    -3e-10      0.00 6.919e-01 2.930e-01 2.251e-03 1.183e-03 6.636e-03 -1.000 1.514e-02 -0.785 3.110 1.512 0.091 -0.720 -1.388 -2.366 -3.101 -3.250
0.0152 0.01508 10.00000 1.0354794264 2.4800508022    1.027  2.265  3.6087  1.572    3  0.000  0.452     0.00     0.00     0.00     0.00     0.00 -1 -3.54e-10      0.00 6.919e-01 2.930e-01 2.251e-03 1.183e-03 6.636e-03 -1.000 1.514e-02 -0.892 3.055 1.450 0.013 -0.805 -1.484 -2.478 -3.218 -3.373
0.0152 0.01508 10.00000 1.0355205536 2.4800586700    1.026  2.306  3.6056  1.518    3  0.000  0.452     0.00     0.00     0.00     0.00     0.00 -1 -4.14e-10      0.00 6.919e-01 2.930e-01 2.251e-03 1.183e-03 6.636e-03 -1.000 1.514e-02 -0.995 3.002 1.393 -0.060 -0.885 -1.577 -2.586 -3.331 -3.494
0.0152 0.01508 10.00000 1.0355592966 2.4800662994    1.026  2.348  3.6024  1.463    3  0.000  0.452     0.00     0.00     0.00     0.00     0.00 -1 -4.87e-10      0.00 6.919e-01 2.930e-01 2.251e-03 1.183e-03 6.636e-03 -1.000 1.514e-02 -1.100 2.983 1.341 -0.128 -0.966 -1.672 -2.697 -3.450 -3.619
0.0152 0.01508 10.00000 1.0355945826 2.4800729752    1.025  2.389  3.5992  1.408    3  0.000  0.452     0.00     0.00     0.00     0.00     0.00 -1 -5.71e-10      0.00 6.919e-01 2.930e-01 2.251e-03 1.183e-03 6.636e-03 -1.000 1.514e-02 -1.204 2.982 1.296 -0.192 -1.043 -1.767 -2.808 -3.569 -3.743
0.0152 0.01508 10.00000 1.0356268883 2.4800794125    1.025  2.430  3.5960  1.354    3  0.000  0.452     0.00     0.00     0.00     0.00     0.00 -1 -6.68e-10      0.00 6.919e-01 2.930e-01 2.251e-03 1.184e-03 6.636e-03 -1.000 1.514e-02 -1.305 2.978 1.254 -0.247 -1.113 -1.859 -2.917 -3.687 -3.865
0.0152 0.01508 10.00000 1.0356571674 2.4800851345    1.024  2.471  3.5927  1.300    3  0.000  0.452     0.00     0.00     0.00     0.00     0.00 -1 -7.82e-10      0.00 6.919e-01 2.930e-01 2.251e-03 1.184e-03 6.636e-03 -1.000 1.514e-02 -1.408 2.975 1.213 -0.304 -1.184 -1.952 -3.028 -3.806 -3.989
0.0152 0.01508 10.00000 1.0356844664 2.4800903797    1.023  2.511  3.5895  1.247    3  0.000  0.452    12.40     8.99     6.28     4.84     3.93  4 -9.12e-10      0.00 6.919e-01 2.930e-01 2.251e-03 1.184e-03 6.636e-03 -1.000 1.514e-02 -1.507 2.973 1.176 -0.356 -1.251 -2.042 -3.135 -3.922 -4.110
0.0152 0.01508 10.00000 1.0357092619 2.4800951481    1.022  2.550  3.5862  1.195    3  0.000  0.452    13.82     9.87     6.87     5.31     4.31  3 -1.06e-09      0.00 6.919e-01 2.930e-01 2.251e-03 1.184e-03 6.636e-03 -1.000 1.514e-02 -1.604 2.970 1.145 -0.398 -1.308 -2.128 -3.240 -4.035 -4.229
0.0152 0.01508 10.00000 1.0357328653 2.4800996780    1.021  2.589  3.5828  1.141    3  0.000  0.452    15.44    10.87     7.53     5.83     4.73  3 -1.24e-09      0.00 6.919e-01 2.930e-01 2.251e-03 1.184e-03 6.636e-03 -1.000 1.514e-02 -1.703 2.967 1.114 -0.441 -1.368 -2.217 -3.347 -4.151 -4.350
0.0152 0.01508 10.00000 1.0357542038 2.4801039696    1.020  2.627  3.5795  1.089    3  0.000  0.452    17.20    11.94     8.23     6.38     5.18  3 -1.44e-09      0.00 6.919e-01 2.930e-01 2.251e-03 1.184e-03 6.636e-03 -1.000 1.514e-02 -1.799 2.966 1.087 -0.480 -1.423 -2.301 -3.451 -4.263 -4.467
0.0152 0.01508 10.00000 1.0357739925 2.4801077843    1.019  2.665  3.5761  1.038    3  0.000  0.452    19.15    13.11     9.00     6.98     5.67  3 -1.67e-09      0.00 6.919e-01 2.930e-01 2.251e-03 1.184e-03 6.636e-03 -1.000 1.514e-02 -1.893 2.960 1.069 -0.502 -1.465 -2.382 -3.554 -4.375 -4.584
0.0152 0.01508 10.00000 1.0357925892 2.4801113605    1.018  2.703  3.5726  0.985    3  0.000  0.452    21.35    14.40     9.85     7.65     6.22  3 -1.93e-09      0.00 6.919e-01 2.930e-01 2.251e-03 1.184e-03 6.636e-03 -1.000 1.514e-02 -1.988 2.958 1.054 -0.523 -1.506 -2.463 -3.658 -4.487 -4.701
0.0152 0.01508 10.00000 1.0358099937 2.4801146984    1.017  2.741  3.5691  0.933    3  0.000  0.452    23.79    15.82    10.77     8.38     6.81  3 -2.24e-09      0.00 6.919e-01 2.930e-01 2.251e-03 1.184e-03 6.636e-03 -1.000 1.514e-02 -2.081 2.959 1.045 -0.537 -1.542 -2.542 -3.762 -4.598 -4.818
0.0152 0.01508 10.00000 1.0358296633 2.4801185131    1.015  2.786  3.5648  0.870    3  0.000  0.452    27.14    17.74    12.01     9.36     7.61  3 -2.68e-09      0.00 6.919e-01 2.930e-01 2.250e-03 1.184e-03 6.636e-03 -1.000 1.514e-02 -2.195 2.958 1.049 -0.533 -1.570 -2.634 -3.889 -4.733 -4.960
0.0152 0.01508 10.00000 1.0358475447 2.4801218510    1.014  2.830  3.5605  0.808    3  0.000  0.452    30.89    19.84    13.37    10.44     8.48  2  -3.2e-09      0.00 6.919e-01 2.930e-01 2.250e-03 1.184e-03 6.636e-03 -1.000 1.514e-02 -2.305 2.958 1.053 -0.527 -1.596 -2.722 -4.012 -4.866 -5.100
0.0152 0.01508 10.00000 1.0358639956 2.4801251888    1.012  2.873  3.5561  0.746    3  0.000  0.452    35.09    22.16    14.86    11.62     9.45  2  -3.8e-09      0.00 6.919e-01 2.930e-01 2.250e-03 1.184e-03 6.636e-03 -1.000 1.514e-02 -2.414 2.955 1.078 -0.495 -1.603 -2.802 -4.134 -4.995 -5.237
0.0152 0.01508 10.00000 1.0358792543 2.4801280499    1.009  2.917  3.5517  0.684    3  0.000  0.452    39.93    24.78    16.53    12.95    10.53  2 -4.53e-09      0.00 6.919e-01 2.930e-01 2.250e-03 1.184e-03 6.636e-03 -1.000 1.514e-02 -2.522 2.954 1.108 -0.456 -1.607 -2.880 -4.255 -5.126 -5.375
0.0152 0.01508 10.00000 1.0358933210 2.4801306725    1.007  2.959  3.5472  0.623    3  0.000  0.452    45.32    27.66    18.36    14.41    11.72  2 -5.38e-09      0.00 6.919e-01 2.930e-01 2.250e-03 1.184e-03 6.636e-03 -1.000 1.514e-02 -2.628 2.953 1.154 -0.394 -1.595 -2.946 -4.375 -5.253 -5.510
0.0152 0.01508 10.00000 1.0359063148 2.4801332951    1.004  3.000  3.5427  0.562    3  0.000  0.452    51.40    30.84    20.37    16.01    13.03  2 -6.37e-09      0.00 6.919e-01 2.930e-01 2.250e-03 1.184e-03 6.636e-03 -1.000 1.514e-02 -2.731 2.953 1.212 -0.317 -1.573 -3.005 -4.493 -5.379 -5.643
0.0152 0.01508 10.00000 1.0359184742 2.4801356792    1.001  3.042  3.5381  0.501    3  0.000  0.452    58.31    34.40    22.61    17.80    14.49  2 -7.55e-09      0.00 6.919e-01 2.930e-01 2.250e-03 1.184e-03 6.636e-03 -1.000 1.514e-02 -2.834 2.953 1.282 -0.225 -1.542 -3.056 -4.611 -5.504 -5.776
0.0152 0.01508 10.00000 1.0359295607 2.4801378250    0.998  3.082  3.5336  0.442    3  0.000  0.452    65.99    38.29    25.04    19.75    16.08  2 -8.91e-09      0.00 6.919e-01 2.930e-01 2.250e-03 1.184e-03 6.636e-03 -1.000 1.514e-02 -2.935 2.956 1.376 -0.106 -1.495 -3.093 -4.727 -5.626 -5.907
0.0152 0.01508 10.00000 1.0359399319 2.4801397324    0.995  3.122  3.5290  0.382    3  0.000  0.452    74.68    42.61    27.73    21.91    17.84  2 -1.05e-08      0.00 6.919e-01 2.930e-01 2.250e-03 1.184e-03 6.636e-03 -1.000 1.514e-02 -3.034 2.959 1.477 0.024 -1.442 -3.122 -4.843 -5.746 -6.036
0.0152 0.01508 10.00000 1.0359495878 2.4801416397    0.991  3.160  3.5244  0.323    3  0.000  0.452    84.39    47.35    30.67    24.27    19.77  1 -1.24e-08      0.00 6.919e-01 2.930e-01 2.250e-03 1.184e-03 6.636e-03 -1.000 1.514e-02 -3.131 2.963 1.608 0.188 -1.370 -3.124 -4.956 -5.864 -6.163
0.0152 0.01508 10.00000 1.0359584093 2.4801433086    0.987  3.198  3.5197  0.265    3  0.000  0.452    95.26    52.57    33.89    26.87    21.89  1 -1.45e-08      0.00 6.919e-01 2.930e-01 2.250e-03 1.184e-03 6.636e-03 -1.000 1.514e-02 -3.226 2.970 1.748 0.363 -1.290 -3.120 -5.067 -5.979 -6.289
0.0152 0.01508 10.00000 1.0359668732 2.4801449776    0.982  3.236  3.5150  0.207    3  0.000  0.452   107.41    58.31    37.41    29.70    24.21  1  -1.7e-08      0.00 6.919e-01 2.930e-01 2.250e-03 1.184e-03 6.636e-03 -1.000 1.514e-02 -3.319 2.979 1.922 0.590 -1.177 -3.076 -5.175 -6.093 -6.412
0.0152 0.01508 10.00000 1.0359747410 2.4801464081    0.977  3.272  3.5103  0.149    3  0.000  0.452   121.17    64.68    41.30    32.85    26.78  1 -1.99e-08      0.00 6.919e-01 2.930e-01 2.250e-03 1.184e-03 6.636e-03 -1.000 1.514e-02 -3.411 2.989 2.102 0.824 -1.059 -3.028 -5.283 -6.205 -6.535
0.0152 0.01508 10.00000 1.0359820127 2.4801478386    0.972  3.308  3.5056  0.092    3  0.000  0.452   136.37    71.60    45.50    36.26    29.56  1 -2.31e-08      0.00 6.919e-01 2.930e-01 2.250e-03 1.184e-03 6.636e-03 -1.000 1.514e-02 -3.501 2.990 2.245 1.010 -0.968 -2.986 -5.388 -6.314 -6.652
0.0152 0.01508 10.00000 1.0359889269 2.4801492691    0.966  3.343  3.5010  0.036    3  0.000  0.452   153.08    79.07    50.02    39.92    32.55  1 -2.68e-08      0.00 6.919e-01 2.930e-01 2.250e-03 1.184e-03 6.636e-03 -1.000 1.514e-02 -3.588 2.996 2.401 1.211 -0.864 -2.933 -5.489 -6.420 -6.767
0.0152 0.01508 10.00000 1.0359956026 2.4801504612    0.959  3.378  3.4964 -0.021    3  0.000  0.452   170.48    87.41    55.03    44.00    35.89  1 -3.11e-08      0.00 6.919e-01 2.930e-01 2.250e-03 1.184e-03 6.636e-03 -1.000 1.514e-02 -3.674 3.001 2.547 1.389 -0.771 -2.876 -5.590 -6.526 -6.883
0.0152 0.01508 10.00000 1.0360008478 2.4801514149    0.953  3.403  3.4929 -0.063    3  0.000  0.452   181.40    94.16    59.08    47.30    38.58  1 -3.48e-08      0.00 6.919e-01 2.930e-01 2.250e-03 1.184e-03 6.636e-03 -1.000 1.514e-02 -3.738 3.004 2.652 1.515 -0.704 -2.834 -5.665 -6.604 -6.967
0.0152 0.01508 10.00000 1.0360008478 2.4801514149    0.953  1.679  3.6673  2.359    4  0.000  0.472     0.00     0.00     0.00     0.00     0.00 -1    -1e-30      0.00 6.947e-01 2.902e-01 2.340e-03 1.062e-03 6.610e-03 -1.000 1.507e-02 0.572 3.109 2.088 1.002 0.369 -0.135 -0.882 -1.476 -1.561
0.0152 0.01508 10.00000 1.0360877514 2.4801683426    0.953  1.687  3.6668  2.349    4  0.000  0.472     0.00     0.00     0.00     0.00     0.00 -1    -1e-30      0.00 6.947e-01 2.902e-01 2.340e-03 1.063e-03 6.610e-03 -1.000 1.507e-02 0.553 3.104 2.076 0.987 0.352 -0.153 -0.902 -1.498 -1.583
0.0152 0.01508 10.00000 1.0361766815 2.4801855087    0.953  1.690  3.6666  2.345    4  0.000  0.472     0.00     0.00     0.00     0.00     0.00 -1    -1e-30      0.00 6.947e-01 2.902e-01 2.340e-03 1.063e-03 6.610e-03 -1.000 1.507e-02 0.544 3.099 2.069 0.978 0.343 -0.163 -0.912 -1.508 -1.594
0.0152 0.01508 10.00000 1.0362657309 2.4802026749    0.953  1.690  3.6668  2.346    4  0.000  0.472     0.00     0.00     0.00     0.00     0.00 -1    -1e-30      0.00 6.947e-01 2.902e-01 2.340e-03 1.063e-03 6.610e-03 -1.000 1.507e-02 0.544 3.095 2.067 0.978 0.343 -0.162 -0.911 -1.506 -1.592
0.0152 0.01508 10.00000 1.0363553762 2.4802198410    0.953  1.688  3.6672  2.350    4  0.000  0.472     0.00     0.00     0.00     0.00     0.00 -1    -1e-30      0.00 6.947e-01 2.902e-01 2.340e-03 1.063e-03 6.610e-03 -1.000 1.507e-02 0.550 3.089 2.067 0.980 0.347 -0.157 -0.904 -1.498 -1.584
0.0152 0.01508 10.00000 1.0364483595 2.4802377224    0.953  1.685  3.6677  2.355    4  0.000  0.472     0.00     0.00     0.00     0.00     0.00 -1    -1e-30      0.00 6.947e-01 2.902e-01 2.340e-03 1.063e-03 6.610e-03 -1.000 1.508e-02 0.557 3.083 2.068 0.984 0.353 -0.150 -0.896 -1.488 -1.573
0.0152 0.01508 10.00000 1.0365377665 2.4802551270    0.953  1.682  3.6683  2.360    4  0.000  0.472     0.00     0.00     0.00     0.00     0.00 -1    -1e-30      0.00 6.947e-01 2.902e-01 2.340e-03 1.063e-03 6.610e-03 -1.000 1.508e-02 0.564 3.078 2.069 0.988 0.358 -0.144 -0.887 -1.477 -1.562
0.0152 0.01508 10.00000 1.0366318226 2.4802732468    0.954  1.679  3.6688  2.365    4  0.000  0.472     0.00     0.00     0.00     0.00     0.00 -1    -1e-30      0.00 6.947e-01 2.902e-01 2.340e-03 1.063e-03 6.610e-03 -1.000 1.508e-02 0.572 3.071 2.070 0.991 0.364 -0.136 -0.878 -1.466 -1.551
0.0152 0.01508 10.00000 1.0367223024 2.4802906513    0.954  1.676  3.6693  2.370    4  0.000  0.472     0.00     0.00     0.00     0.00     0.00 -1    -1e-30      0.00 6.947e-01 2.902e-01 2.340e-03 1.063e-03 6.610e-03 -1.000 1.508e-02 0.579 3.065 2.071 0.995 0.370 -0.130 -0.869 -1.456 -1.540
0.0152 0.01508 10.00000 1.0368109941 2.4803075790    0.954  1.674  3.6698  2.375    4  0.000  0.472     0.00     0.00     0.00     0.00     0.00 -1    -1e-30      0.00 6.947e-01 2.902e-01 2.340e-03 1.064e-03 6.610e-03 -1.000 1.508e-02 0.585 3.059 2.071 0.998 0.374 -0.124 -0.861 -1.447 -1.531
0.0152 0.01508 10.00000 1.0369075537 2.4803261757    0.954  1.672  3.6702  2.379    4  0.000  0.472     0.00     0.00     0.00     0.00     0.00 -1    -1e-30      0.00 6.947e-01 2.902e-01 2.340e-03 1.064e-03 6.610e-03 -1.000 1.508e-02 0.591 3.055 2.072 1.001 0.379 -0.118 -0.854 -1.439 -1.522
0.0152 0.01508 10.00000 1.0370041132 2.4803447723    0.954  1.670  3.6707  2.383    4  0.000  0.472     0.00     0.00     0.00     0.00     0.00 -1    -1e-30      0.00 6.947e-01 2.903e-01 2.339e-03 1.064e-03 6.610e-03 -1.000 1.508e-02 0.596 3.050 2.072 1.004 0.383 -0.114 -0.848 -1.431 -1.514
0.0152 0.01508 10.00000 1.0371010303 2.4803636074    0.954  1.668  3.6710  2.386    4  0.000  0.472     0.00     0.00     0.00     0.00     0.00 -1    -1e-30      0.00 6.947e-01 2.903e-01 2.339e-03 1.064e-03 6.611e-03 -1.000 1.508e-02 0.601 3.045 2.073 1.006 0.386 -0.109 -0.842 -1.424 -1.507
0.0152 0.01508 10.00000 1.0371954441 2.4803817272    0.954  1.666  3.6713  2.389    4  0.000  0.472     0.00     0.00     0.00     0.00     0.00 -1    -1e-30      0.00 6.947e-01 2.903e-01 2.339e-03 1.064e-03 6.611e-03 -1.000 1.508e-02 0.604 3.042 2.073 1.008 0.389 -0.106 -0.837 -1.419 -1.502
0.0152 0.01508 10.00000 1.0372377634 2.4803898335    0.954  1.666  3.6715  2.390    4  0.000  0.472     0.00     0.00     0.00     0.00     0.00 -1    -1e-30      0.00 6.947e-01 2.903e-01 2.339e-03 1.064e-03 6.611e-03 -1.000 1.508e-02 0.606 3.040 2.073 1.009 0.390 -0.105 -0.836 -1.416 -1.499
0.0152 0.01508 10.00000 1.0372672081 2.4803955555    0.954  1.665  3.6716  2.391    4  0.000  0.472     0.00     0.00     0.00     0.00     0.00 -1    -1e-30      0.00 6.947e-01 2.903e-01 2.339e-03 1.064e-03 6.611e-03 -1.000 1.508e-02 0.607 3.039 2.073 1.009 0.391 -0.104 -0.834 -1.415 -1.498
0.0152 0.01508 10.00000 1.0373581648 2.4804129601    0.954  1.664  3.6718  2.393    4  0.000  0.472     0.00     0.00     0.00     0.00     0.00 -1    -1e-30      0.00 6.947e-01 2.903e-01 2.339e-03 1.064e-03 6.611e-03 -1.000 1.508e-02 0.609 3.035 2.072 1.010 0.393 -0.101 -0.831 -1.411 -1.494
0.0152 0.01508 10.00000 1.0374464989 2.4804301262    0.955  1.664  3.6720  2.394    4  0.000  0.472     0.00     0.00     0.00     0.00     0.00 -1    -1e-30      0.00 6.947e-01 2.903e-01 2.339e-03 1.065e-03 6.611e-03 -1.000 1.508e-02 0.611 3.032 2.072 1.011 0.394 -0.100 -0.829 -1.408 -1.490
0.0152 0.01508 10.00000 1.0375312567 2.4804463387    0.955  1.663  3.6722  2.395    4  0.000  0.472     0.00     0.00     0.00     0.00     0.00 -1    -1e-30      0.00 6.947e-01 2.903e-01 2.339e-03 1.065e-03 6.611e-03 -1.000 1.508e-02 0.612 3.029 2.071 1.011 0.395 -0.099 -0.827 -1.406 -1.488
0.0152 0.01508 10.00000 1.0376223326 2.4804637432    0.955  1.663  3.6723  2.396    4  0.000  0.472     0.00     0.00     0.00     0.00     0.00 -1    -1e-30      0.00 6.946e-01 2.903e-01 2.339e-03 1.065e-03 6.611e-03 -1.000 1.508e-02 0.612 3.027 2.070 1.010 0.395 -0.098 -0.826 -1.405 -1.487
0.0152 0.01508 10.00000 1.0377086401 2.4804804325    0.955  1.663  3.6724  2.396    4  0.000  0.472     0.00     0.00     0.00     0.00     0.00 -1    -1e-30      0.00 6.946e-01 2.903e-01 2.339e-03 1.065e-03 6.611e-03 -1.000 1.508e-02 0.612 3.024 2.069 1.009 0.394 -0.099 -0.827 -1.405 -1.487
0.0152 0.01508 10.00000 1.0377969742 2.4804973602    0.955  1.664  3.6724  2.396    4  0.000  0.472     0.00     0.00     0.00     0.00     0.00 -1    -1e-30      0.00 6.946e-01 2.903e-01 2.339e-03 1.065e-03 6.611e-03 -1.000 1.508e-02 0.610 3.022 2.067 1.007 0.392 -0.101 -0.828 -1.406 -1.489
0.0152 0.01508 10.00000 1.0378836393 2.4805140495    0.955  1.665  3.6724  2.394    4  0.000  0.472     0.00     0.00     0.00     0.00     0.00 -1    -1e-30      0.00 6.946e-01 2.903e-01 2.339e-03 1.065e-03 6.611e-03 -1.000 1.508e-02 0.607 3.021 2.064 1.005 0.389 -0.103 -0.831 -1.409 -1.492
0.0152 0.01508 10.00000 1.0378897190 2.4805152416    0.955  1.665  3.6724  2.394    4  0.000  0.472     0.00     0.00     0.00     0.00     0.00 -1    -1e-30      0.00 6.946e-01 2.903e-01 2.339e-03 1.065e-03 6.611e-03 -1.000 1.508e-02 0.607 3.021 2.064 1.005 0.389 -0.104 -0.831 -1.410 -1.492
0.0152 0.01508 10.00000 1.0379265547 2.4805223942    0.955  1.666  3.6723  2.394    4  0.000  0.472     0.00     0.00     0.00     0.00     0.00 -1    -1e-30      0.00 6.946e-01 2.903e-01 2.339e-03 1.065e-03 6.611e-03 -1.000 1.508e-02 0.606 3.020 2.063 1.003 0.388 -0.105 -0.833 -1.411 -1.494
0.0152 0.01508 10.00000 1.0380172729 2.4805397987    0.955  1.668  3.6722  2.391    4  0.000  0.472     0.00     0.00     0.00     0.00     0.00 -1    -1e-30      0.00 6.946e-01 2.903e-01 2.338e-03 1.065e-03 6.611e-03 -1.000 1.508e-02 0.601 3.018 2.060 0.999 0.383 -0.110 -0.838 -1.417 -1.499
0.0152 0.01508 10.00000 1.0381066799 2.4805569649    0.955  1.670  3.6720  2.388    4  0.000  0.472     0.00     0.00     0.00     0.00     0.00 -1    -1e-30      0.00 6.946e-01 2.903e-01 2.338e-03 1.065e-03 6.611e-03 -1.000 1.508e-02 0.595 3.017 2.056 0.994 0.378 -0.116 -0.845 -1.424 -1.507
0.0152 0.01508 10.00000 1.0381959677 2.4805741310    0.955  1.673  3.6718  2.384    4  0.000  0.472     0.00     0.00     0.00     0.00     0.00 -1    -1e-30      0.00 6.946e-01 2.903e-01 2.338e-03 1.066e-03 6.611e-03 -1.000 1.508e-02 0.587 3.016 2.051 0.988 0.371 -0.124 -0.854 -1.433 -1.516
0.0152 0.01508 10.00000 1.0382874012 2.4805915356    0.956  1.677  3.6714  2.379    4  0.000  0.472     0.00     0.00     0.00     0.00     0.00 -1    -1e-30      0.00 6.946e-01 2.903e-01 2.338e-03 1.066e-03 6.611e-03 -1.000 1.508e-02 0.577 3.015 2.046 0.980 0.362 -0.133 -0.865 -1.445 -1.528
0.0152 0.01508 10.00000 1.0383776426 2.4806089401    0.956  1.682  3.6710  2.372    4  0.000  0.472     0.00     0.00     0.00     0.00     0.00 -1    -1e-30      0.00 6.946e-01 2.903e-01 2.338e-03 1.066e-03 6.611e-03 -1.000 1.508e-02 0.565 3.014 2.039 0.971 0.351 -0.145 -0.878 -1.460 -1.543
0.0152 0.01508 10.00000 1.0384677649 2.4806263447    0.956  1.687  3.6705  2.365    4  0.000  0.472     0.00     0.00     0.00     0.00     0.00 -1    -1e-30      0.00 6.946e-01 2.903e-01 2.338e-03 1.066e-03 6.611e-03 -1.000 1.508e-02 0.551 3.014 2.031 0.960 0.339 -0.158 -0.893 -1.477 -1.560
0.0152 0.01508 10.00000 1.0385576487 2.4806435108    0.956  1.694  3.6699  2.356    4  0.000  0.472     0.00     0.00     0.00     0.00     0.00 -1    -1e-30      0.00 6.946e-01 2.903e-01 2.338e-03 1.066e-03 6.611e-03 -1.000 1.508e-02 0.536 3.014 2.023 0.948 0.325 -0.174 -0.911 -1.496 -1.580
0.0152 0.01508 10.00000 1.0386466980 2.4806606770    0.956  1.701  3.6692  2.346    4  0.000  0.472     0.00     0.00     0.00     0.00     0.00 -1    -1e-30      0.00 6.946e-01 2.903e-01 2.338e-03 1.066e-03 6.611e-03 -1.000 1.508e-02 0.518 3.014 2.014 0.935 0.309 -0.191 -0.931 -1.518 -1.602
0.0152 0.01508 10.00000 1.0387382507 2.4806780815    0.956  1.707  3.6686  2.338    4  0.000  0.472     0.00     0.00     0.00     0.00     0.00 -1    -1e-30      0.00 6.946e-01 2.903e-01 2.338e-03 1.066e-03 6.611e-03 -1.000 1.508e-02 0.503 3.015 2.006 0.924 0.296 -0.205 -0.947 -1.536 -1.621
0.0152 0.01508 10.00000 1.0388308764 2.4806959629    0.956  1.713  3.6680  2.329    4  0.000  0.472     0.00     0.00     0.00     0.00     0.00 -1    -1e-30      0.00 6.946e-01 2.903e-01 2.338e-03 1.066e-03 6.611e-03 -1.000 1.508e-02 0.487 3.014 1.997 0.911 0.281 -0.221 -0.966 -1.557 -1.642
0.0152 0.01508 10.00000 1.0389230251 2.4807136059    0.956  1.740  3.6655  2.292    4  0.000  0.472     0.00     0.00     0.00     0.00     0.00 -1    -1e-30      0.00 6.946e-01 2.903e-01 2.338e-03 1.067e-03 6.611e-03 -1.000 1.508e-02 0.419 3.014 1.961 0.861 0.222 -0.287 -1.041 -1.639 -1.726
0.0152 0.01508 10.00000 1.0389945507 2.4807271957    0.956  1.779  3.6619  2.239    4  0.000  0.472     0.00     0.00     0.00     0.00     0.00 -1    -1e-30      0.00 6.946e-01 2.903e-01 2.337e-03 1.067e-03 6.611e-03 -1.000 1.508e-02 0.323 3.013 1.910 0.788 0.136 -0.380 -1.148 -1.757 -1.846
0.0152 0.01508 10.00000 1.0390301943 2.4807341099    0.956  1.817  3.6583  2.187    4  0.000  0.472     0.00     0.00     0.00     0.00     0.00 -1    -1e-30      0.00 6.946e-01 2.903e-01 2.337e-03 1.067e-03 6.611e-03 -1.000 1.508e-02 0.228 3.016 1.861 0.717 0.053 -0.472 -1.254 -1.873 -1.965
0.0152 0.01508 10.00000 1.0390502214 2.4807379246    0.956  1.858  3.6545  2.130    4  0.000  0.472     0.00     0.00     0.00     0.00     0.00 -1    -1e-30      0.00 6.946e-01 2.903e-01 2.337e-03 1.067e-03 6.611e-03 -1.000 1.508e-02 0.124 3.019 1.809 0.642 -0.037 -0.571 -1.368 -1.999 -2.093
0.0152 0.01508 10.00000 1.0390599966 2.4807398319    0.956  1.897  3.6510  2.077    4  0.000  0.472     0.00     0.00     0.00     0.00     0.00 -1    -1e-30      0.00 6.946e-01 2.903e-01 2.337e-03 1.067e-03 6.611e-03 -1.000 1.508e-02 0.027 3.023 1.760 0.570 -0.121 -0.664 -1.475 -2.117 -2.213
0.0152 0.01508 10.00000 1.0390653610 2.4807407856    0.956  1.936  3.6475  2.025    4  0.000  0.472     0.00     0.00     0.00     0.00     0.00 -1    -1e-30      0.00 6.946e-01 2.903e-01 2.337e-03 1.067e-03 6.611e-03 -1.000 1.508e-02 -0.070 3.029 1.712 0.501 -0.204 -0.757 -1.582 -2.234 -2.333
0.0152 0.01508 10.00000 1.0390684605 2.4807415009    0.956  1.975  3.6440  1.972    4  0.000  0.472     0.00     0.00     0.00     0.00     0.00 -1    -1e-30      0.00 6.946e-01 2.903e-01 2.337e-03 1.067e-03 6.611e-03 -1.000 1.508e-02 -0.167 3.025 1.666 0.431 -0.287 -0.848 -1.687 -2.348 -2.450
0.0152 0.01508 10.00000 1.0390704870 2.4807417393    0.956  2.014  3.6405  1.919    4  0.000  0.472     0.00     0.00     0.00     0.00     0.00 -1    -1e-30      0.00 6.946e-01 2.903e-01 2.337e-03 1.067e-03 6.611e-03 -1.000 1.508e-02 -0.265 3.006 1.619 0.358 -0.370 -0.939 -1.793 -2.460 -2.567
