# File generated by CMD 3.6 (http://stev.oapd.inaf.it/cmd) on Wed Apr  6 01:10:36 CEST 2022
# isochrones based on PARSEC release v1.2S +  COLIBRI S_37 + S_35 + PR16
# Basic references: Bressan et al. (2012), MNRAS, 427, 127 + Chen et al. (2014, 2015), MNRAS, 444, 2525 + MNRAS, 452, 1068 + Tang et al. (2014), MNRAS, 445, 4287 + Marigo et al. (2017), ApJ, 835, 77 + Pastorelli al. (2019), MNRAS, 485, 5666 + Pastorelli al. (2020), MNRAS, in press
# Thermal pulse cycles included 
# On RGB, assumed Reimers mass loss with efficiency eta=0.2
# LPV periods and growth rates added cf. Trabucchi et al. (2019)
# but fundamental-mode LPV periods are from Trabucchi et al. (2021)
# Photometric system: <i>UBVRIJHK</i> (cf. Maiz-Apellaniz 2006 + Bessell 1990)
# Using YBC version of bolometric corrections as in Chen et al. (2019)
# O-rich circumstellar dpmod60alox40 dust from Groenewegen (2006)
# C-rich circumstellar AMCSIC15 dust from Groenewegen (2006)
# IMF: Kroupa (2001, 2002) + Kroupa et al. (2013) canonical two-part-power law IMF corrected for unresolved binaries 
# Kind of output: isochrone tables
# Zini     MH   logAge Mini        int_IMF         Mass   logL    logTe  logg  label   McoreTP C_O  period0  period1  period2  period3  period4  pmode  Mloss  tau1m   X   Y   Xc  Xn  Xo  Cexcess  Z 	 mbolmag  Umag    Bmag    Vmag    Rmag    Imag    Jmag    Hmag    Kmag
0.0152 0.01508 9.60206 0.7000000477 2.3779268265    0.700 -0.808  3.6490  4.639    1  0.000  0.545     0.00     0.00     0.00     0.00     0.00 -1 -1.12e-14      0.00 7.226e-01 2.628e-01 2.629e-03 7.095e-04 6.437e-03 -1.000 1.460e-02 6.790 9.964 8.619 7.444 6.654 6.071 5.277 4.621 4.521
0.0152 0.01508 9.60206 0.7286195159 2.3909218311    0.729 -0.719  3.6658  4.634    1  0.000  0.540     0.00     0.00     0.00     0.00     0.00 -1 -1.35e-14      0.00 7.234e-01 2.620e-01 2.602e-03 7.072e-04 6.422e-03 -1.000 1.461e-02 6.567 9.358 8.172 7.081 6.357 5.836 5.102 4.496 4.408
0.0152 0.01508 9.60206 0.7500000000 2.3998889923    0.750 -0.654  3.6778  4.630    1  0.000  0.537     0.00     0.00     0.00     0.00     0.00 -1 -1.55e-14      0.00 7.239e-01 2.615e-01 2.583e-03 7.057e-04 6.412e-03 -1.000 1.459e-02 6.405 8.914 7.860 6.829 6.153 5.667 4.978 4.412 4.330
0.0152 0.01508 9.60206 0.7926141620 2.4161138535    0.792 -0.534  3.6962  4.608    1  0.000  0.537     0.00     0.00     0.00     0.00     0.00 -1 -2.05e-14      0.00 7.256e-01 2.599e-01 2.569e-03 7.020e-04 6.379e-03 -1.000 1.452e-02 6.104 8.227 7.362 6.414 5.808 5.363 4.736 4.226 4.154
0.0152 0.01508 9.60206 0.8000000119 2.4187245369    0.800 -0.513  3.6993  4.604    1  0.000  0.537     0.00     0.00     0.00     0.00     0.00 -1 -2.15e-14      0.00 7.259e-01 2.596e-01 2.567e-03 7.013e-04 6.373e-03 -1.000 1.451e-02 6.053 8.110 7.279 6.345 5.751 5.313 4.696 4.196 4.125
0.0152 0.01508 9.60206 0.8076962829 2.4213867188    0.807 -0.492  3.7025  4.599    1  0.000  0.537     0.00     0.00     0.00     0.00     0.00 -1 -2.26e-14      0.00 7.262e-01 2.593e-01 2.564e-03 7.006e-04 6.366e-03 -1.000 1.449e-02 6.000 7.995 7.196 6.275 5.692 5.260 4.654 4.163 4.093
0.0152 0.01508 9.60206 0.8500000238 2.4350347519    0.850 -0.377  3.7194  4.574    1  0.000  0.537     0.00     0.00     0.00     0.00     0.00 -1 -2.95e-14      0.00 7.281e-01 2.575e-01 2.549e-03 6.964e-04 6.329e-03 -1.000 1.439e-02 5.713 7.389 6.760 5.908 5.380 4.979 4.428 3.985 3.922
0.0152 0.01508 9.60206 0.8698986173 2.4409291744    0.869 -0.324  3.7267  4.560    1  0.000  0.537     0.00     0.00     0.00     0.00     0.00 -1 -3.34e-14      0.00 7.293e-01 2.564e-01 2.540e-03 6.940e-04 6.306e-03 -1.000 1.434e-02 5.580 7.129 6.572 5.747 5.240 4.851 4.323 3.899 3.839
0.0152 0.01508 9.60206 0.9000000358 2.4492788315    0.899 -0.245  3.7374  4.539    1  0.000  0.537     0.00     0.00     0.00     0.00     0.00 -1 -4.04e-14      0.00 7.310e-01 2.548e-01 2.525e-03 6.901e-04 6.272e-03 -1.000 1.423e-02 5.382 6.750 6.293 5.510 5.034 4.663 4.167 3.772 3.716
0.0152 0.01508 9.60206 0.9096310139 2.4518163204    0.909 -0.220  3.7406  4.531    1  0.000  0.537     0.00     0.00     0.00     0.00     0.00 -1  -4.3e-14      0.00 7.317e-01 2.541e-01 2.520e-03 6.886e-04 6.258e-03 -1.000 1.420e-02 5.319 6.634 6.206 5.436 4.969 4.603 4.118 3.730 3.676
0.0152 0.01508 9.60206 0.9326230884 2.4576315880    0.932 -0.160  3.7480  4.511    1  0.000  0.537     0.00     0.00     0.00     0.00     0.00 -1 -4.99e-14      0.00 7.334e-01 2.525e-01 2.505e-03 6.848e-04 6.225e-03 -1.000 1.413e-02 5.170 6.352 6.004 5.265 4.820 4.466 4.002 3.631 3.581
0.0152 0.01508 9.60206 0.9500000477 2.4618122578    0.949 -0.115  3.7534  4.496    1  0.000  0.537     0.00     0.00     0.00     0.00     0.00 -1 -5.58e-14      0.00 7.347e-01 2.512e-01 2.495e-03 6.819e-04 6.199e-03 -1.000 1.408e-02 5.058 6.151 5.855 5.139 4.709 4.363 3.914 3.555 3.508
0.0152 0.01508 9.60206 0.9538692236 2.4627194405    0.953 -0.105  3.7545  4.493    1  0.000  0.537     0.00     0.00     0.00     0.00     0.00 -1 -5.72e-14      0.00 7.351e-01 2.508e-01 2.492e-03 6.811e-04 6.191e-03 -1.000 1.407e-02 5.033 6.109 5.823 5.112 4.684 4.340 3.894 3.538 3.491
0.0152 0.01508 9.60206 0.9735065103 2.4671957493    0.973 -0.054  3.7601  4.473    1  0.000  0.536     0.00     0.00     0.00     0.00     0.00 -1 -6.51e-14      0.00 7.371e-01 2.490e-01 2.475e-03 6.767e-04 6.152e-03 -1.000 1.400e-02 4.906 5.896 5.660 4.972 4.559 4.224 3.792 3.449 3.404
0.0152 0.01508 9.60206 0.9917975664 2.4711821079    0.992 -0.007  3.7651  4.454    1  0.000  0.536     0.00     0.00     0.00     0.00     0.00 -1 -7.34e-14      0.00 7.390e-01 2.471e-01 2.459e-03 6.724e-04 6.114e-03 -1.000 1.391e-02 4.789 5.708 5.511 4.844 4.444 4.117 3.699 3.366 3.324
0.0152 0.01508 9.60206 1.0000000000 2.4729156494    1.000  0.013  3.7673  4.445    1  0.000  0.536     0.00     0.00     0.00     0.00     0.00 -1 -7.75e-14      0.00 7.399e-01 2.463e-01 2.452e-03 6.704e-04 6.096e-03 -1.000 1.386e-02 4.736 5.625 5.445 4.787 4.393 4.069 3.657 3.329 3.288
0.0152 0.01508 9.60206 1.0013530254 2.4731984138    1.001  0.017  3.7676  4.444    1  0.000  0.536     0.00     0.00     0.00     0.00     0.00 -1 -7.81e-14      0.00 7.401e-01 2.461e-01 2.451e-03 6.700e-04 6.092e-03 -1.000 1.386e-02 4.728 5.612 5.435 4.778 4.385 4.061 3.650 3.323 3.282
0.0152 0.01508 9.60206 1.0203638077 2.4770805836    1.020  0.066  3.7722  4.422    1  0.000  0.536     0.00     0.00     0.00     0.00     0.00 -1 -8.63e-14      0.00 7.429e-01 2.434e-01 2.427e-03 6.638e-04 6.036e-03 -1.000 1.373e-02 4.606 5.428 5.284 4.647 4.266 3.950 3.551 3.234 3.195
0.0152 0.01508 9.60206 1.0379914045 2.4805347919    1.037  0.111  3.7763  4.400    1  0.000  0.536     0.00     0.00     0.00     0.00     0.00 -1 -9.47e-14      0.00 7.457e-01 2.407e-01 2.405e-03 6.576e-04 5.981e-03 -1.000 1.361e-02 4.493 5.262 5.145 4.528 4.157 3.848 3.459 3.151 3.114
0.0152 0.01508 9.60206 1.0499999523 2.4828116894    1.049  0.141  3.7790  4.385    1  0.000  0.536     0.00     0.00     0.00     0.00     0.00 -1 -1.01e-13      0.00 7.476e-01 2.388e-01 2.388e-03 6.532e-04 5.942e-03 -1.000 1.355e-02 4.416 5.152 5.052 4.447 4.082 3.778 3.396 3.094 3.058
0.0152 0.01508 9.60206 1.0649253130 2.4855592251    1.064  0.180  3.7821  4.366    1  0.000  0.536     0.00     0.00     0.00     0.00     0.00 -1 -1.09e-13      0.00 7.510e-01 2.356e-01 2.360e-03 6.458e-04 5.875e-03 -1.000 1.337e-02 4.321 5.022 4.939 4.347 3.990 3.691 3.317 3.020 2.986
0.0152 0.01508 9.60206 1.0812900066 2.4884719849    1.080  0.221  3.7852  4.343    1  0.000  0.535     0.00     0.00     0.00     0.00     0.00 -1 -1.19e-13      0.00 7.550e-01 2.318e-01 2.328e-03 6.370e-04 5.796e-03 -1.000 1.319e-02 4.217 4.885 4.818 4.239 3.890 3.595 3.228 2.939 2.906
0.0152 0.01508 9.60206 1.0963908434 2.4910712242    1.095  0.259  3.7878  4.321    1  0.000  0.535     0.00     0.00     0.00     0.00     0.00 -1  -1.3e-13      0.00 7.589e-01 2.281e-01 2.296e-03 6.285e-04 5.720e-03 -1.000 1.300e-02 4.122 4.763 4.708 4.141 3.797 3.507 3.147 2.862 2.830
0.0152 0.01508 9.60206 1.1000000238 2.4916803837    1.099  0.268  3.7884  4.316    1  0.000  0.535     0.00     0.00     0.00     0.00     0.00 -1 -1.32e-13      0.00 7.599e-01 2.272e-01 2.289e-03 6.264e-04 5.702e-03 -1.000 1.296e-02 4.099 4.734 4.682 4.117 3.775 3.486 3.127 2.844 2.812
0.0152 0.01508 9.60206 1.1045409441 2.4924399853    1.103  0.280  3.7891  4.310    1  0.000  0.535     0.00     0.00     0.00     0.00     0.00 -1 -1.35e-13      0.00 7.606e-01 2.265e-01 2.284e-03 6.252e-04 5.691e-03 -1.000 1.294e-02 4.071 4.699 4.649 4.088 3.748 3.460 3.103 2.821 2.790
0.0152 0.01508 9.60206 1.1193032265 2.4948613644    1.118  0.315  3.7911  4.288    1  0.000  0.535     0.00     0.00     0.00     0.00     0.00 -1 -1.46e-13      0.00 7.627e-01 2.244e-01 2.271e-03 6.221e-04 5.662e-03 -1.000 1.290e-02 3.982 4.591 4.549 3.997 3.661 3.376 3.024 2.747 2.716
0.0152 0.01508 9.60206 1.1330542564 2.4970514774    1.132  0.347  3.7926  4.267    1  0.000  0.535     0.00     0.00     0.00     0.00     0.00 -1 -1.56e-13      0.00 7.644e-01 2.228e-01 2.261e-03 6.201e-04 5.640e-03 -1.000 1.286e-02 3.902 4.498 4.461 3.916 3.583 3.301 2.952 2.678 2.648
0.0152 0.01508 9.60206 1.1452981234 2.4989509583    1.144  0.376  3.7938  4.248    1  0.000  0.534     0.00     0.00     0.00     0.00     0.00 -1 -1.66e-13      0.00 7.657e-01 2.215e-01 2.254e-03 6.187e-04 5.626e-03 -1.000 1.281e-02 3.830 4.415 4.382 3.842 3.513 3.232 2.886 2.614 2.584
0.0152 0.01508 9.60206 1.1499999762 2.4996678829    1.149  0.387  3.7943  4.240    1  0.000  0.534     0.00     0.00     0.00     0.00     0.00 -1  -1.7e-13      0.00 7.662e-01 2.210e-01 2.252e-03 6.182e-04 5.622e-03 -1.000 1.279e-02 3.801 4.382 4.350 3.813 3.484 3.204 2.859 2.589 2.559
0.0152 0.01508 9.60206 1.1511204243 2.4998378754    1.150  0.390  3.7943  4.238    1  0.000  0.534     0.00     0.00     0.00     0.00     0.00 -1 -1.71e-13      0.00 7.662e-01 2.211e-01 2.253e-03 6.184e-04 5.623e-03 -1.000 1.279e-02 3.795 4.376 4.344 3.806 3.478 3.198 2.854 2.583 2.553
0.0152 0.01508 9.60206 1.1736133099 2.5031692982    1.173  0.436  3.7942  4.200    1  0.000  0.534     0.00     0.00     0.00     0.00     0.00 -1 -1.89e-13      0.00 7.646e-01 2.225e-01 2.274e-03 6.237e-04 5.679e-03 -1.000 1.295e-02 3.679 4.261 4.227 3.690 3.362 3.082 2.737 2.467 2.437
0.0152 0.01508 9.60206 1.1880568266 2.5052323341    1.187  0.463  3.7934  4.175    1  0.000  0.534     0.00     0.00     0.00     0.00     0.00 -1    -2e-13      0.00 7.640e-01 2.231e-01 2.285e-03 6.257e-04 5.711e-03 -1.000 1.298e-02 3.613 4.203 4.164 3.624 3.295 3.014 2.666 2.394 2.364
0.0152 0.01508 9.60206 1.1926239729 2.5058727264    1.192  0.480  3.7943  4.163    1  0.000  0.533     0.00     0.00     0.00     0.00     0.00 -1 -2.08e-13      0.00 7.638e-01 2.232e-01 2.289e-03 6.262e-04 5.720e-03 -1.000 1.300e-02 3.570 4.151 4.116 3.580 3.253 2.973 2.628 2.358 2.329
0.0152 0.01508 9.60206 1.1961252689 2.5063598156    1.195  0.497  3.7957  4.153    1  0.000  0.533     0.00     0.00     0.00     0.00     0.00 -1 -2.17e-13      0.00 7.639e-01 2.231e-01 2.290e-03 6.263e-04 5.724e-03 -1.000 1.301e-02 3.527 4.096 4.065 3.535 3.211 2.934 2.592 2.325 2.296
0.0152 0.01508 9.60206 1.1983838081 2.5066721439    1.197  0.513  3.7972  4.144    1  0.000  0.533     0.00     0.00     0.00     0.00     0.00 -1 -2.26e-13      0.00 7.640e-01 2.230e-01 2.290e-03 6.261e-04 5.725e-03 -1.000 1.301e-02 3.488 4.044 4.018 3.495 3.174 2.899 2.561 2.297 2.268
0.0152 0.01508 9.60206 1.1999071836 2.5068821907    1.199  0.529  3.7989  4.136    1  0.000  0.533     0.00     0.00     0.00     0.00     0.00 -1 -2.36e-13      0.00 7.641e-01 2.229e-01 2.289e-03 6.259e-04 5.724e-03 -1.000 1.300e-02 3.448 3.990 3.969 3.453 3.136 2.864 2.530 2.270 2.242
0.0152 0.01508 9.60206 1.2000000477 2.5068950653    1.199  0.531  3.7991  4.135    1  0.000  0.533     0.00     0.00     0.00     0.00     0.00 -1 -2.37e-13      0.00 7.641e-01 2.229e-01 2.289e-03 6.259e-04 5.724e-03 -1.000 1.300e-02 3.444 3.984 3.964 3.449 3.132 2.860 2.527 2.267 2.238
0.0152 0.01508 9.60206 1.2025077343 2.5072393417    1.201  0.545  3.8000  4.125    1  0.000  0.533     0.00     0.00     0.00     0.00     0.00 -1 -2.47e-13      0.00 7.640e-01 2.230e-01 2.290e-03 6.261e-04 5.728e-03 -1.000 1.301e-02 3.408 3.940 3.923 3.412 3.097 2.827 2.496 2.238 2.210
0.0152 0.01508 9.60206 1.2293975353 2.5108299255    1.228  0.623  3.7984  4.050    2  0.000  0.533     0.00     0.00     0.00     0.00     0.00 -1 -3.01e-13      0.00 7.624e-01 2.245e-01 2.304e-03 6.290e-04 5.766e-03 -1.000 1.309e-02 3.213 3.762 3.734 3.218 2.901 2.629 2.293 2.033 2.004
0.0152 0.01508 9.60206 1.2468116283 2.5130605698    1.246  0.670  3.7954  3.997    2  0.000  0.532     0.00     0.00     0.00     0.00     0.00 -1 -3.41e-13      0.00 7.614e-01 2.255e-01 2.313e-03 6.309e-04 5.791e-03 -1.000 1.313e-02 3.096 3.672 3.630 3.102 2.779 2.503 2.160 1.894 1.863
0.0152 0.01508 9.60206 1.2500000000 2.5134611130    1.249  0.678  3.7947  3.987    2  0.000  0.532     0.00     0.00     0.00     0.00     0.00 -1 -3.49e-13      0.00 7.612e-01 2.257e-01 2.314e-03 6.312e-04 5.796e-03 -1.000 1.314e-02 3.074 3.656 3.612 3.081 2.757 2.479 2.135 1.867 1.836
0.0152 0.01508 9.60206 1.2655637264 2.5153837204    1.265  0.716  3.7882  3.929    2  0.000  0.532     0.00     0.00     0.00     0.00     0.00 -1 -3.89e-13      0.00 7.595e-01 2.273e-01 2.327e-03 6.347e-04 5.826e-03 -1.000 1.323e-02 2.981 3.623 3.552 2.995 2.657 2.369 2.009 1.728 1.695
0.0152 0.01508 9.60206 1.2771161795 2.5167760849    1.276  0.736  3.7788  3.875    2  0.000  0.533     0.00     0.00     0.00     0.00     0.00 -1 -4.22e-13      0.00 7.538e-01 2.328e-01 2.368e-03 6.457e-04 5.924e-03 -1.000 1.346e-02 2.929 3.665 3.551 2.955 2.596 2.294 1.910 1.610 1.573
0.0152 0.01508 9.60206 1.2869350910 2.5179367065    1.286  0.727  3.7623  3.822    2  0.000  0.534     0.00     0.00     0.00     0.00     0.00 -1 -4.28e-13      0.00 7.397e-01 2.463e-01 2.471e-03 6.731e-04 6.169e-03 -1.000 1.399e-02 2.953 3.882 3.676 3.009 2.612 2.282 1.854 1.517 1.474
0.0152 0.01508 9.60206 1.2934216261 2.5186924934    1.293  0.694  3.7435  3.782    2  0.000  0.535     0.00     0.00     0.00     0.00     0.00 -1 -4.09e-13      0.00 7.264e-01 2.590e-01 2.574e-03 7.005e-04 6.414e-03 -1.000 1.457e-02 3.036 4.222 3.882 3.138 2.696 2.335 1.854 1.471 1.419
0.0152 0.01508 9.60206 1.2964694500 2.5190443993    1.296  0.673  3.7320  3.758    2  0.000  0.535     0.00     0.00     0.00     0.00     0.00 -1 -3.97e-13      0.00 7.213e-01 2.639e-01 2.613e-03 7.110e-04 6.508e-03 -1.000 1.478e-02 3.089 4.441 4.013 3.226 2.756 2.377 1.861 1.448 1.393
0.0152 0.01508 9.60206 1.2982429266 2.5192484856    1.297  0.660  3.7250  3.743    2  0.000  0.535     0.00     0.00     0.00     0.00     0.00 -1  -3.9e-13      0.00 7.187e-01 2.664e-01 2.632e-03 7.162e-04 6.554e-03 -1.000 1.488e-02 3.120 4.580 4.096 3.282 2.795 2.404 1.865 1.434 1.376
0.0152 0.01508 9.60206 1.2996877432 2.5194141865    1.299  0.657  3.7201  3.727    2  0.000  0.535     0.00     0.00     0.00     0.00     0.00 -1 -3.93e-13      0.00 7.171e-01 2.680e-01 2.643e-03 7.193e-04 6.581e-03 -1.000 1.494e-02 3.126 4.661 4.139 3.305 2.806 2.407 1.853 1.408 1.348
0.0152 0.01508 9.60206 1.2999999523 2.5194499493    1.299  0.659  3.7193  3.722    2  0.000  0.535     0.00     0.00     0.00     0.00     0.00 -1 -3.96e-13      0.00 7.168e-01 2.683e-01 2.644e-03 7.198e-04 6.584e-03 -1.000 1.495e-02 3.123 4.672 4.142 3.305 2.804 2.403 1.846 1.399 1.339
0.0152 0.01508 9.60206 1.3050580025 2.5200264454    1.304  0.682  3.7069  3.651    2  0.000  0.535     0.00     0.00     0.00     0.00     0.00 -1 -4.43e-13      0.00 7.127e-01 2.722e-01 2.662e-03 7.259e-04 6.638e-03 -1.000 1.507e-02 3.065 4.820 4.182 3.298 2.765 2.342 1.743 1.261 1.196
0.0152 0.01508 9.60206 1.3056253195 2.5200908184    1.305  0.688  3.7059  3.641    2  0.000  0.534     0.00     0.00     0.00     0.00     0.00 -1 -4.53e-13      0.00 7.123e-01 2.727e-01 2.663e-03 7.266e-04 6.643e-03 -1.000 1.508e-02 3.050 4.822 4.176 3.288 2.752 2.328 1.725 1.240 1.175
0.0152 0.01508 9.60206 1.3085429668 2.5204207897    1.308  0.731  3.7026  3.586    3  0.000  0.520     0.00     0.00     0.00     0.00     0.00 -1 -5.28e-13      0.00 7.093e-01 2.756e-01 2.598e-03 7.787e-04 6.659e-03 -1.000 1.512e-02 2.942 4.765 4.095 3.194 2.650 2.220 1.606 1.111 1.044
0.0152 0.01508 9.60206 1.3113546371 2.5207369328    1.311  0.779  3.7001  3.529    3  0.000  0.488     0.00     0.00     0.00     0.00     0.00 -1 -6.25e-13      0.00 7.059e-01 2.790e-01 2.446e-03 9.406e-04 6.673e-03 -1.000 1.514e-02 2.822 4.682 3.995 3.085 2.535 2.100 1.477 0.975 0.907
0.0152 0.01508 9.60206 1.3142338991 2.5210592747    1.313  0.834  3.6979  3.465    3  0.000  0.453     0.00     0.00     0.00     0.00     0.00 -1 -7.56e-13      0.00 7.021e-01 2.826e-01 2.272e-03 1.155e-03 6.684e-03 -1.000 1.522e-02 2.684 4.582 3.877 2.957 2.402 1.962 1.331 0.823 0.754
0.0152 0.01508 9.60206 1.3166685104 2.5213305950    1.316  0.887  3.6961  3.407    3  0.000  0.431     0.00     0.00     0.00     0.00     0.00 -1 -9.04e-13      0.00 6.991e-01 2.856e-01 2.167e-03 1.286e-03 6.691e-03 -1.000 1.524e-02 2.554 4.485 3.764 2.835 2.276 1.832 1.195 0.681 0.612
0.0152 0.01508 9.60206 1.3189096451 2.5215792656    1.318  0.939  3.6943  3.348    3  0.000  0.418     0.00     0.00     0.00     0.00     0.00 -1 -1.09e-12      0.00 6.966e-01 2.881e-01 2.100e-03 1.371e-03 6.696e-03 -1.000 1.529e-02 2.422 4.387 3.649 2.711 2.148 1.700 1.057 0.538 0.468
0.0152 0.01508 9.60206 1.3208873272 2.5217978954    1.320  0.991  3.6926  3.290    3  0.000  0.409     0.00     0.00     0.00     0.00     0.00 -1  -1.3e-12      0.00 6.949e-01 2.898e-01 2.059e-03 1.423e-03 6.700e-03 -1.000 1.532e-02 2.294 4.291 3.537 2.591 2.023 1.572 0.922 0.399 0.328
0.0152 0.01508 9.60206 1.3227449656 2.5220026970    1.322  1.044  3.6907  3.230    3  0.000  0.404     0.00     0.00     0.00     0.00     0.00 -1 -1.56e-12      0.00 6.937e-01 2.910e-01 2.033e-03 1.455e-03 6.702e-03 -1.000 1.535e-02 2.160 4.194 3.422 2.466 1.893 1.439 0.782 0.253 0.181
0.0152 0.01508 9.60206 1.3242942095 2.5221729279    1.323  1.093  3.6888  3.174    3  0.000  0.401     0.00     0.00     0.00     0.00     0.00 -1 -1.86e-12      0.00 6.930e-01 2.917e-01 2.018e-03 1.474e-03 6.704e-03 -1.000 1.530e-02 2.037 4.106 3.318 2.353 1.775 1.317 0.653 0.119 0.046
0.0152 0.01508 9.60206 1.3257282972 2.5223300457    1.325  1.143  3.6868  3.117    3  0.000  0.399     0.00     0.00     0.00     0.00     0.00 -1 -2.22e-12      0.00 6.925e-01 2.922e-01 2.009e-03 1.485e-03 6.705e-03 -1.000 1.529e-02 1.913 4.021 3.214 2.239 1.656 1.193 0.522 -0.018 -0.091
0.0152 0.01508 9.60206 1.3269836903 2.5224671364    1.326  1.191  3.6848  3.061    3  0.000  0.398     0.00     0.00     0.00     0.00     0.00 -1 -2.63e-12      0.00 6.922e-01 2.924e-01 2.003e-03 1.493e-03 6.706e-03 -1.000 1.532e-02 1.794 3.942 3.116 2.130 1.541 1.075 0.396 -0.150 -0.224
0.0152 0.01508 9.60206 1.3280962706 2.5225884914    1.327  1.237  3.6828  3.007    3  0.000  0.397     0.00     0.00     0.00     0.00     0.00 -1 -3.11e-12      0.00 6.921e-01 2.926e-01 2.000e-03 1.497e-03 6.706e-03 -1.000 1.530e-02 1.677 3.867 3.020 2.024 1.430 0.959 0.273 -0.279 -0.354
0.0152 0.01508 9.60206 1.3290820122 2.5226960182    1.328  1.282  3.6807  2.954    3  0.000  0.397     0.00     0.00     0.00     0.00     0.00 -1 -3.65e-12      0.00 6.921e-01 2.926e-01 1.998e-03 1.499e-03 6.707e-03 -1.000 1.527e-02 1.564 3.794 2.927 1.922 1.323 0.847 0.154 -0.404 -0.481
0.0152 0.01508 9.60206 1.3299570084 2.5227911472    1.329  1.326  3.6787  2.902    3  0.000  0.397     0.00     0.00     0.00     0.00     0.00 -1 -4.28e-12      0.00 6.921e-01 2.926e-01 1.997e-03 1.500e-03 6.707e-03 -1.000 1.527e-02 1.455 3.726 2.839 1.824 1.219 0.740 0.038 -0.526 -0.604
0.0152 0.01508 9.60206 1.3307626247 2.5228786469    1.330  1.370  3.6765  2.850    3  0.000  0.397     0.00     0.00     0.00     0.00     0.00 -1 -5.02e-12      0.00 6.921e-01 2.926e-01 1.996e-03 1.501e-03 6.707e-03 -1.000 1.527e-02 1.345 3.661 2.752 1.727 1.116 0.631 -0.078 -0.649 -0.728
0.0152 0.01508 9.60206 1.3315031528 2.5229587555    1.330  1.414  3.6743  2.798    3  0.000  0.396     0.00     0.00     0.00     0.00     0.00 -1 -5.88e-12      0.00 6.921e-01 2.926e-01 1.995e-03 1.501e-03 6.708e-03 -1.000 1.527e-02 1.236 3.597 2.666 1.631 1.013 0.524 -0.194 -0.771 -0.852
0.0152 0.01508 9.60206 1.3321580887 2.5230298042    1.331  1.455  3.6722  2.748    3  0.000  0.396     0.00     0.00     0.00     0.00     0.00 -1 -6.82e-12      0.00 6.921e-01 2.926e-01 1.995e-03 1.502e-03 6.708e-03 -1.000 1.527e-02 1.133 3.538 2.585 1.540 0.916 0.423 -0.303 -0.887 -0.969
0.0152 0.01508 9.60206 1.3327759504 2.5230965614    1.332  1.496  3.6700  2.699    3  0.000  0.396     0.00     0.00     0.00     0.00     0.00 -1 -7.93e-12      0.00 6.921e-01 2.926e-01 1.994e-03 1.503e-03 6.708e-03 -1.000 1.527e-02 1.031 3.480 2.505 1.450 0.820 0.322 -0.412 -1.003 -1.086
0.0152 0.01508 9.60206 1.3333528042 2.5231590271    1.332  1.532  3.6681  2.655    3  0.000  0.396     0.00     0.00     0.00     0.00     0.00 -1 -9.05e-12      0.00 6.921e-01 2.926e-01 1.994e-03 1.503e-03 6.708e-03 -1.000 1.527e-02 0.940 3.432 2.436 1.372 0.736 0.233 -0.509 -1.105 -1.189
0.0152 0.01508 9.60206 1.3339496851 2.5232234001    1.333  1.567  3.6662  2.612    3  0.000  0.396     0.00     0.00     0.00     0.00     0.00 -1 -1.03e-11      0.00 6.921e-01 2.926e-01 1.993e-03 1.504e-03 6.709e-03 -1.000 1.527e-02 0.852 3.385 2.369 1.295 0.654 0.147 -0.602 -1.204 -1.290
0.0152 0.01508 9.60206 1.3344665766 2.5232791901    1.333  1.589  3.6651  2.586    3  0.000  0.396     0.00     0.00     0.00     0.00     0.00 -1 -1.12e-11      0.00 6.921e-01 2.926e-01 1.992e-03 1.504e-03 6.709e-03 -1.000 1.527e-02 0.798 3.355 2.328 1.249 0.605 0.095 -0.659 -1.264 -1.351
0.0152 0.01508 9.60206 1.3348078728 2.5233159065    1.333  1.572  3.6662  2.608    3  0.000  0.396     0.00     0.00     0.00     0.00     0.00 -1 -1.06e-11      0.00 6.921e-01 2.926e-01 1.992e-03 1.505e-03 6.709e-03 -1.000 1.527e-02 0.841 3.372 2.358 1.284 0.644 0.136 -0.613 -1.215 -1.300
0.0152 0.01508 9.60206 1.3352813721 2.5233669281    1.334  1.537  3.6686  2.653    3  0.000  0.396     0.00     0.00     0.00     0.00     0.00 -1  -9.3e-12      0.00 6.921e-01 2.926e-01 1.992e-03 1.505e-03 6.709e-03 -1.000 1.527e-02 0.928 3.408 2.419 1.356 0.723 0.221 -0.519 -1.114 -1.198
0.0152 0.01508 9.60206 1.3353110552 2.5233700275    1.334  1.534  3.6687  2.656    3  0.000  0.396     0.00     0.00     0.00     0.00     0.00 -1  -9.2e-12      0.00 6.921e-01 2.926e-01 1.992e-03 1.505e-03 6.709e-03 -1.000 1.527e-02 0.934 3.411 2.423 1.361 0.728 0.227 -0.513 -1.107 -1.191
0.0152 0.01508 9.60206 1.3353877068 2.5233783722    1.334  1.540  3.6684  2.648    3  0.000  0.396     0.00     0.00     0.00     0.00     0.00 -1 -9.35e-12      0.00 6.921e-01 2.926e-01 1.992e-03 1.505e-03 6.709e-03 -1.000 1.527e-02 0.919 3.403 2.412 1.348 0.714 0.212 -0.529 -1.124 -1.208
0.0152 0.01508 9.60206 1.3359043598 2.5234339237    1.334  1.585  3.6658  2.593    3  0.000  0.396     0.00     0.00     0.00     0.00     0.00 -1 -1.09e-11      0.00 6.921e-01 2.926e-01 1.991e-03 1.506e-03 6.709e-03 -1.000 1.527e-02 0.806 3.347 2.328 1.252 0.610 0.102 -0.649 -1.252 -1.338
0.0152 0.01508 9.60206 1.3364335299 2.5234906673    1.335  1.632  3.6631  2.536    3  0.000  0.395     0.00     0.00     0.00     0.00     0.00 -1 -1.29e-11      0.00 6.922e-01 2.926e-01 1.991e-03 1.507e-03 6.710e-03 -1.000 1.527e-02 0.691 3.288 2.241 1.153 0.504 -0.011 -0.772 -1.383 -1.471
0.0152 0.01508 9.60206 1.3369141817 2.5235424042    1.335  1.677  3.6605  2.481    3  0.000  0.395     0.00     0.00     0.00     0.00     0.00 -1 -1.53e-11      0.00 6.922e-01 2.926e-01 1.990e-03 1.507e-03 6.710e-03 -1.000 1.527e-02 0.579 3.239 2.160 1.058 0.400 -0.120 -0.892 -1.511 -1.601
0.0152 0.01508 9.60206 1.3373585939 2.5235900879    1.336  1.721  3.6578  2.426    3  0.000  0.395     0.00     0.00     0.00     0.00     0.00 -1  -1.8e-11      0.00 6.922e-01 2.926e-01 1.990e-03 1.507e-03 6.710e-03 -1.000 1.527e-02 0.467 3.205 2.085 0.965 0.298 -0.229 -1.011 -1.638 -1.730
0.0152 0.01508 9.60206 1.3377710581 2.5236341953    1.336  1.766  3.6551  2.370    3  0.000  0.395     0.00     0.00     0.00     0.00     0.00 -1 -2.13e-11      0.00 6.922e-01 2.926e-01 1.989e-03 1.508e-03 6.710e-03 -1.000 1.527e-02 0.355 3.174 2.011 0.873 0.195 -0.338 -1.131 -1.766 -1.860
0.0152 0.01508 9.60206 1.3381451368 2.5236744881    1.336  1.810  3.6523  2.315    3  0.000  0.395     0.00     0.00     0.00     0.00     0.00 -1 -2.51e-11      0.00 6.922e-01 2.926e-01 1.989e-03 1.508e-03 6.710e-03 -1.000 1.527e-02 0.245 3.145 1.940 0.783 0.095 -0.445 -1.249 -1.892 -1.987
0.0152 0.01508 9.60206 1.3384908438 2.5237114429    1.337  1.854  3.6496  2.260    3  0.000  0.395     0.00     0.00     0.00     0.00     0.00 -1 -2.95e-11      0.00 6.922e-01 2.926e-01 1.989e-03 1.509e-03 6.710e-03 -1.000 1.527e-02 0.135 3.117 1.869 0.694 -0.005 -0.552 -1.367 -2.018 -2.115
0.0152 0.01508 9.60206 1.3388166428 2.5237462521    1.337  1.898  3.6467  2.205    3  0.000  0.395     0.00     0.00     0.00     0.00     0.00 -1 -3.49e-11      0.00 6.922e-01 2.926e-01 1.988e-03 1.509e-03 6.711e-03 -1.000 1.527e-02 0.024 3.094 1.800 0.605 -0.104 -0.660 -1.486 -2.146 -2.245
0.0152 0.01508 9.60206 1.3391084671 2.5237774849    1.337  1.942  3.6439  2.150    3  0.000  0.395     0.00     0.00     0.00     0.00     0.00 -1  -4.1e-11      0.00 6.922e-01 2.926e-01 1.988e-03 1.509e-03 6.711e-03 -1.000 1.527e-02 -0.084 3.072 1.733 0.520 -0.201 -0.764 -1.602 -2.270 -2.372
0.0152 0.01508 9.60206 1.3393757343 2.5238060951    1.337  1.985  3.6410  2.096    3  0.000  0.395     0.00     0.00     0.00     0.00     0.00 -1 -4.82e-11      0.00 6.922e-01 2.926e-01 1.988e-03 1.510e-03 6.711e-03 -1.000 1.527e-02 -0.192 3.053 1.668 0.435 -0.297 -0.868 -1.718 -2.395 -2.498
0.0152 0.01508 9.60206 1.3396207094 2.5238323212    1.337  2.028  3.6382  2.041    3  0.000  0.395     0.00     0.00     0.00     0.00     0.00 -1 -5.66e-11      0.00 6.922e-01 2.926e-01 1.987e-03 1.510e-03 6.711e-03 -1.000 1.527e-02 -0.299 3.037 1.605 0.353 -0.390 -0.971 -1.832 -2.518 -2.624
0.0152 0.01508 9.60206 1.3398500681 2.5238568783    1.337  2.071  3.6352  1.986    3  0.000  0.395     0.00     0.00     0.00     0.00     0.00 -1 -6.66e-11      0.00 6.922e-01 2.925e-01 1.987e-03 1.510e-03 6.711e-03 -1.000 1.527e-02 -0.407 3.016 1.542 0.270 -0.483 -1.074 -1.948 -2.642 -2.750
