2  776.263  26.152  17.761  0.007
3  1249.592  36.041  18.214  0.010
4  1821.899  39.537  15.890  0.002
5  1200.555  44.323  16.930  0.004
6  1645.437  58.628  17.587  0.007
7  1140.458  68.035  17.799  0.008
8  1423.058  75.396  17.163  0.005
9  1625.058  80.151  16.782  0.004
10  1883.750  89.109  17.284  0.005
11  1831.818  90.040  17.730  0.007
12  1087.642  93.539  16.900  0.004
13  1124.751  103.530  18.183  0.010
14  1881.494  104.180  17.764  0.008
15  586.013  113.503  16.263  0.003
16  996.187  136.344  16.834  0.004
17  610.493  137.903  15.934  0.002
18  1069.527  142.865  16.946  0.004
19  1860.978  145.537  17.580  0.006
20  1408.569  154.603  17.695  0.008
21  187.379  155.346  16.712  0.004
22  839.431  159.095  17.939  0.009
23  585.053  161.056  16.372  0.003
24  634.401  172.344  18.400  0.012
25  1736.705  173.654  17.831  0.008
26  431.697  175.966  16.946  0.004
27  700.763  192.773  19.217  0.023
28  1198.495  194.235  17.213  0.005
29  1588.559  196.086  19.668  0.033
30  1029.300  198.473  16.988  0.004
31  1854.382  216.984  14.676  0.001
32  955.689  221.044  18.055  0.009
33  675.175  221.480  16.690  0.004
34  1020.929  231.314  17.317  0.006
35  606.863  237.526  18.669  0.015
36  439.770  240.398  17.003  0.004
37  1857.958  255.522  17.263  0.005
38  1813.059  260.544  16.560  0.003
39  1580.330  268.963  18.367  0.012
40  920.933  281.847  17.753  0.007
41  1022.757  286.002  19.300  0.025
42  456.449  313.562  18.630  0.015
43  1011.504  314.012  19.189  0.023
44  809.687  337.606  16.070  0.003
45  751.223  343.683  18.876  0.017
46  1949.914  348.184  17.941  0.008
47  1618.120  349.628  16.431  0.003
48  621.093  358.871  16.791  0.004
49  1340.041  370.774  17.817  0.008
50  140.123  378.269  17.340  0.006
51  554.359  379.726  16.590  0.003
52  1501.388  380.279  18.919  0.018
53  1262.373  381.062  19.003  0.019
54  682.749  398.371  17.860  0.008
55  1706.028  399.920  17.253  0.005
56  1674.495  410.577  18.517  0.013
57  986.309  418.922  17.807  0.008
58  1481.744  421.701  17.362  0.006
59  221.691  437.881  18.986  0.019
60  293.619  446.263  17.461  0.006
61  1007.056  447.338  16.542  0.003
62  1506.362  448.500  17.590  0.006
63  1158.191  465.710  17.932  0.008
64  269.589  467.380  16.415  0.003
65  1255.458  470.022  18.690  0.015
66  38.710  482.718  16.004  0.003
67  1092.890  483.582  17.735  0.007
68  1012.342  495.018  16.686  0.004
69  291.984  501.587  19.659  0.033
70  1555.454  515.743  15.940  0.002
71  436.989  517.298  17.681  0.007
72  1717.696  520.679  18.512  0.013
73  1872.164  520.438  19.259  0.023
74  722.937  528.500  17.335  0.005
75  1383.989  534.284  17.810  0.008
76  1283.474  534.563  16.384  0.003
77  1198.398  535.614  14.544  0.001
78  1091.095  557.724  17.352  0.006
79  582.319  561.365  17.906  0.008
80  1808.020  564.937  18.901  0.017
81  1648.229  566.604  16.599  0.003
82  1201.838  584.084  18.617  0.014
83  1592.406  593.224  14.020  0.001
84  164.155  595.957  15.645  0.002
85  998.031  595.868  18.631  0.014
86  218.321  597.523  17.395  0.006
87  964.870  601.103  16.709  0.004
88  438.957  603.026  16.882  0.004
89  923.106  606.922  17.998  0.009
90  923.089  607.196  17.998  0.010
91  1681.225  618.761  17.905  0.008
92  305.292  629.414  15.987  0.002
93  1778.607  631.664  18.039  0.009
94  1540.441  634.808  18.129  0.010
95  1745.828  643.185  16.087  0.003
96  1664.123  642.992  16.093  0.003
97  920.576  644.426  14.170  0.001
98  1499.935  647.516  18.520  0.013
99  1745.656  643.106  16.087  0.003
100  670.939  647.435  14.619  0.001
101  1068.764  647.732  16.353  0.003
102  1620.056  648.075  16.575  0.003
103  412.501  648.460  17.907  0.008
104  1713.486  657.180  18.653  0.014
105  1320.539  658.528  18.730  0.015
106  1596.962  669.244  16.301  0.003
107  637.138  672.994  18.247  0.011
108  861.082  678.042  13.474  0.001
109  303.600  678.872  17.194  0.005
110  992.485  679.114  13.251  0.001
112  1065.488  683.529  19.104  0.020
113  1265.398  687.875  16.155  0.003
114  974.217  689.725  15.616  0.002
115  1246.241  697.565  19.042  0.021
116  1600.955  704.336  19.581  0.029
117  977.007  709.020  17.360  0.006
118  755.188  710.867  19.117  0.023
119  1164.905  711.596  17.373  0.006
120  664.764  717.414  15.923  0.002
121  1923.357  720.062  18.617  0.014
122  1308.603  724.182  15.863  0.002
123  1057.645  726.164  16.392  0.003
124  856.088  727.324  18.310  0.011
125  1078.222  726.644  15.502  0.002
126  1003.903  728.752  15.977  0.002
127  1377.928  729.005  18.166  0.010
128  700.874  732.339  16.736  0.004
129  1569.447  738.285  18.737  0.015
130  1357.441  738.614  18.432  0.012
131  989.392  742.887  17.169  0.005
132  1062.691  745.648  16.424  0.005
133  1086.043  747.788  14.697  0.001
135  1745.919  751.883  13.985  0.001
136  788.588  755.947  16.692  0.004
137  571.836  757.621  16.714  0.004
138  817.971  764.076  17.803  0.008
139  1063.194  763.760  16.119  0.003
140  673.010  764.545  19.380  0.026
141  872.694  771.030  16.467  0.003
142  1602.842  778.826  15.993  0.002
143  759.049  781.203  18.652  0.014
144  1658.424  782.549  16.595  0.003
145  1418.479  792.164  15.919  0.002
146  93.773  795.007  18.691  0.015
147  1828.734  796.044  18.598  0.014
148  1572.289  797.464  15.629  0.002
149  1808.303  797.801  19.171  0.021
150  1520.942  799.377  17.067  0.005
151  1097.105  802.536  16.437  0.003
152  1052.748  803.562  16.008  0.003
153  1334.885  810.776  17.792  0.007
154  1619.715  812.735  16.177  0.003
155  1241.894  816.349  18.186  0.010
156  997.724  823.790  17.297  0.006
157  101.107  825.168  18.679  0.016
158  1938.374  826.001  15.639  0.002
159  1374.931  826.817  17.412  0.006
160  1447.040  827.101  17.235  0.005
161  988.801  833.168  16.301  0.003
162  1047.669  832.941  15.371  0.002
163  1019.625  836.454  15.835  0.002
164  50.899  844.099  18.658  0.015
165  1144.100  848.586  15.584  0.002
166  1681.655  850.320  17.528  0.006
167  782.482  850.808  15.651  0.002
168  870.742  855.236  18.385  0.012
169  1137.414  857.799  15.607  0.002
170  1278.000  859.432  13.222  0.001
171  929.197  869.782  16.065  0.003
172  1893.720  875.921  17.558  0.006
173  1148.728  877.236  18.166  0.012
174  944.915  881.564  15.914  0.002
175  1217.773  884.758  17.954  0.008
176  431.296  885.466  16.551  0.003
177  1173.418  886.592  15.784  0.002
178  1544.847  891.252  17.325  0.005
179  1710.446  891.365  17.992  0.008
180  1256.292  900.598  19.027  0.021
181  144.612  904.898  16.088  0.003
182  1627.567  907.162  14.724  0.001
183  1294.375  907.653  19.189  0.023
184  1419.934  907.703  17.693  0.007
185  1764.072  908.818  19.051  0.018
186  624.898  910.658  16.756  0.004
187  642.381  913.434  18.729  0.016
188  303.880  914.730  16.862  0.004
189  1336.323  915.731  15.705  0.002
190  1030.833  918.297  16.930  0.004
191  1488.487  921.232  16.931  0.004
192  52.442  928.167  17.899  0.008
193  1114.235  929.718  13.764  0.001
194  1335.303  929.653  15.818  0.002
195  1249.901  930.835  17.032  0.005
196  1161.188  933.431  17.746  0.008
197  1716.943  933.363  17.674  0.007
198  553.144  936.629  19.019  0.021
199  769.071  941.004  14.814  0.001
200  397.291  942.806  15.910  0.002
201  1170.931  948.489  17.404  0.006
202  950.983  951.322  17.585  0.007
203  1892.774  950.940  17.134  0.005
204  982.882  952.003  13.629  0.001
205  1945.096  954.970  18.718  0.015
206  563.628  956.508  17.032  0.005
207  1928.916  956.683  19.239  0.022
208  801.873  958.775  16.620  0.004
209  1143.655  961.567  16.038  0.003
210  1818.951  963.529  15.907  0.002
211  1339.213  965.782  17.358  0.005
212  865.941  968.445  17.634  0.007
213  1125.019  968.780  17.546  0.007
214  1098.839  970.955  19.001  0.021
215  870.509  981.129  17.046  0.005
216  1651.680  982.311  19.136  0.020
217  793.946  985.978  17.240  0.005
218  409.718  988.443  18.801  0.016
219  1206.869  991.124  13.777  0.001
220  1870.793  991.312  17.072  0.004
221  554.071  995.399  18.844  0.019
222  1116.551  1004.882  15.928  0.002
223  856.971  1006.098  17.018  0.005
224  607.068  1009.355  17.855  0.008
225  1354.200  1008.812  15.451  0.002
226  1414.401  1009.438  16.817  0.004
227  1339.589  1009.953  14.296  0.001
228  1590.364  1011.425  18.922  0.016
229  1290.574  1019.456  14.982  0.001
230  48.049  1014.463  16.284  0.003
231  435.211  1016.836  18.396  0.012
232  566.292  1016.993  16.717  0.004
233  1290.574  1019.456  14.982  0.001
234  930.140  1020.983  18.545  0.013
235  637.404  1022.840  16.543  0.003
236  1163.458  1022.938  16.469  0.003
237  1086.731  1025.444  18.483  0.013
238  1529.288  1032.242  17.011  0.004
239  1384.893  1033.400  18.734  0.015
240  1186.517  1035.903  16.463  0.003
241  2023.447  1040.305  16.521  0.003
242  356.032  1041.157  16.159  0.003
243  1117.576  1042.279  16.505  0.003
244  1293.084  1043.072  15.913  0.002
245  1710.049  1049.314  14.125  0.001
246  935.375  1054.406  17.371  0.006
247  1199.619  1053.918  16.702  0.004
248  1015.759  1055.181  15.867  0.002
249  1031.503  1059.786  16.985  0.005
250  624.577  1064.006  16.153  0.003
251  1237.063  1065.367  15.980  0.002
252  788.569  1069.760  17.934  0.008
253  1740.404  1074.120  15.816  0.002
254  623.947  1074.994  15.804  0.002
255  709.185  1074.724  16.899  0.004
256  697.739  1077.536  17.418  0.006
257  1042.192  1083.063  18.882  0.018
258  1554.220  1083.072  18.142  0.010
259  311.114  1086.919  17.763  0.007
260  776.474  1091.296  18.798  0.017
261  1378.414  1091.865  16.063  0.003
262  429.631  1094.457  18.547  0.013
263  1721.781  1093.617  15.889  0.002
264  1136.272  1099.470  14.704  0.001
265  1815.126  1100.322  19.187  0.021
266  1150.001  1101.324  16.384  0.003
267  1567.097  1105.763  15.760  0.002
268  510.956  1107.209  17.876  0.008
269  772.728  1109.126  18.807  0.017
270  1188.496  1109.459  17.940  0.008
271  904.618  1114.202  17.523  0.006
272  1435.121  1116.174  18.648  0.015
273  484.905  1118.173  19.209  0.023
274  859.512  1118.746  18.591  0.013
275  1329.317  1122.924  15.849  0.002
276  1492.682  1124.083  15.451  0.002
277  997.280  1124.853  16.724  0.004
278  1026.528  1125.144  15.771  0.002
279  1289.063  1126.194  18.991  0.019
280  1450.525  1126.139  15.794  0.002
281  1945.122  1125.385  17.498  0.006
282  781.498  1128.033  16.800  0.004
283  1564.525  1130.572  14.842  0.001
284  979.638  1130.859  16.392  0.003
285  612.362  1132.878  15.961  0.002
286  1232.400  1135.596  17.618  0.007
287  1016.339  1138.716  17.530  0.007
288  941.873  1138.562  16.014  0.002
289  1883.484  1144.304  16.078  0.003
290  1009.110  1147.164  17.371  0.006
291  1052.047  1152.929  17.170  0.005
292  1276.983  1153.138  17.546  0.007
293  1341.503  1166.196  17.846  0.008
294  869.270  1168.119  16.946  0.005
295  1256.434  1169.216  13.788  0.001
296  880.330  1170.525  16.664  0.004
297  901.678  1176.035  15.446  0.002
298  975.084  1177.726  15.246  0.002
299  920.836  1179.666  16.585  0.004
300  1339.114  1181.501  15.450  0.002
301  980.857  1189.482  14.332  0.001
302  785.431  1199.695  17.008  0.004
303  58.987  1202.499  18.426  0.012
304  1377.864  1203.702  16.896  0.004
305  948.484  1204.897  16.205  0.003
306  1460.780  1208.222  16.523  0.003
307  1049.848  1213.815  17.499  0.006
308  465.734  1225.748  16.744  0.004
309  725.098  1226.323  16.541  0.003
310  1278.746  1226.250  17.298  0.006
311  1379.221  1229.071  14.149  0.001
312  582.949  1230.744  18.042  0.009
313  1703.142  1233.371  15.704  0.002
314  1350.440  1237.719  18.467  0.014
315  1323.836  1238.503  17.216  0.005
316  1950.478  1239.172  18.315  0.011
317  901.723  1239.859  16.826  0.004
318  1107.844  1240.415  19.131  0.023
319  1020.639  1240.682  16.222  0.003
320  473.603  1246.531  18.514  0.014
321  1287.032  1247.192  17.938  0.009
322  1565.245  1250.098  14.472  0.001
323  651.728  1251.072  17.783  0.008
324  502.319  1257.225  17.319  0.005
325  1104.421  1257.622  16.500  0.003
326  1881.294  1257.975  13.781  0.001
327  1276.372  1259.411  16.495  0.003
328  1755.345  1264.780  18.856  0.016
329  895.590  1274.433  16.678  0.004
330  1399.103  1275.219  18.537  0.013
331  1089.384  1277.940  17.256  0.005
332  690.831  1283.597  17.258  0.005
333  1363.920  1283.805  16.395  0.003
334  1230.440  1284.959  17.775  0.009
335  1496.403  1285.527  15.333  0.002
336  1210.574  1295.086  14.171  0.001
337  498.678  1299.135  17.845  0.009
338  761.712  1300.264  18.118  0.010
339  943.581  1302.896  18.229  0.010
340  1315.804  1303.334  18.081  0.009
341  1251.935  1306.980  15.871  0.002
342  260.721  1309.831  17.608  0.007
343  1041.561  1323.314  17.107  0.005
344  1762.451  1323.928  19.007  0.017
345  1255.504  1326.942  18.013  0.010
346  487.169  1329.460  15.186  0.002
347  271.557  1333.533  18.214  0.011
348  1240.382  1334.867  15.995  0.002
349  1941.870  1336.230  18.437  0.011
350  544.138  1341.577  16.078  0.003
351  655.949  1346.842  18.204  0.011
352  700.589  1347.452  17.049  0.005
353  714.070  1356.942  18.857  0.017
354  1560.415  1356.508  19.237  0.022
355  1986.823  1358.840  18.408  0.012
356  1629.287  1362.541  19.167  0.020
357  1089.130  1366.642  14.498  0.001
358  1176.174  1368.381  16.452  0.003
359  880.039  1373.367  13.744  0.001
360  1512.460  1377.394  16.982  0.004
361  1052.272  1382.685  17.053  0.005
362  487.376  1394.703  18.225  0.010
363  760.335  1395.293  15.951  0.002
364  281.814  1398.822  18.004  0.009
365  950.640  1399.656  16.002  0.002
366  753.530  1404.379  15.681  0.002
367  1966.408  1404.093  15.972  0.002
368  1221.605  1406.231  17.371  0.006
369  1488.738  1412.053  18.673  0.014
370  1093.416  1416.097  18.470  0.013
371  1857.509  1416.208  18.900  0.017
372  720.944  1418.377  18.225  0.010
373  603.961  1419.756  17.979  0.009
374  1324.542  1421.469  16.254  0.003
375  1178.030  1427.334  18.742  0.015
376  1307.220  1431.314  16.886  0.004
377  1066.771  1443.386  14.391  0.001
378  1219.915  1444.657  15.927  0.002
379  1323.624  1455.209  18.399  0.012
380  93.816  1455.033  18.451  0.013
381  1413.175  1458.617  15.448  0.002
382  1886.950  1464.054  18.189  0.010
383  1728.540  1472.531  13.381  0.001
384  1345.359  1474.251  18.349  0.011
385  281.249  1486.346  18.619  0.015
386  493.320  1484.638  16.830  0.004
387  884.898  1484.672  18.734  0.015
388  1191.326  1485.107  13.703  0.001
389  1884.217  1484.121  18.715  0.015
390  1807.930  1494.440  18.529  0.012
391  952.296  1503.106  18.606  0.014
392  1121.024  1505.650  17.332  0.005
393  50.905  1506.944  17.598  0.007
394  1265.786  1520.474  16.008  0.002
395  969.105  1521.405  16.720  0.004
396  870.089  1533.834  17.346  0.005
397  1819.635  1533.394  17.757  0.007
398  347.963  1536.947  17.211  0.005
399  1430.862  1542.814  18.365  0.011
400  1539.431  1546.263  15.957  0.002
401  589.538  1548.615  15.937  0.002
402  268.488  1548.054  16.850  0.004
403  866.252  1561.644  18.462  0.013
404  74.434  1564.339  17.924  0.009
405  1347.627  1574.416  18.884  0.016
406  309.281  1574.564  17.257  0.005
407  1442.240  1579.237  17.971  0.009
408  1444.216  1595.177  16.371  0.003
409  1327.275  1608.332  16.823  0.004
410  1964.983  1607.542  13.663  0.001
411  452.664  1617.951  18.246  0.011
413  1230.543  1659.697  16.468  0.003
414  1018.428  1673.067  17.285  0.005
415  1986.423  1707.834  17.494  0.006
416  621.479  1715.783  18.082  0.009
417  1821.048  1722.241  17.661  0.007
418  764.125  1739.095  18.727  0.015
419  566.285  1748.950  16.388  0.003
420  1601.775  1760.907  13.710  0.001
421  1455.316  1763.308  17.574  0.007
422  440.663  1764.038  17.659  0.008
423  515.719  1771.604  18.128  0.010
424  1427.554  1773.191  17.122  0.005
425  1716.999  1776.095  16.037  0.003
426  393.794  1780.101  15.906  0.002
427  1632.785  1781.903  16.709  0.004
428  796.010  1786.545  17.712  0.007
429  885.088  1787.652  17.606  0.007
430  1199.940  1801.451  17.534  0.006
431  907.978  1841.263  18.349  0.011
432  1778.709  1871.117  15.923  0.002
433  36.034  1869.210  18.625  0.015
434  1405.076  1879.052  15.931  0.002
435  86.175  1887.883  18.485  0.013
436  86.177  1888.347  18.478  0.013
437  1023.555  1900.927  15.436  0.002
438  544.325  1907.451  17.630  0.007
439  313.774  1928.668  17.371  0.006
440  936.814  1943.608  17.007  0.004
441  1463.958  1964.542  15.996  0.002
442  767.343  1969.330  17.872  0.008
443  1445.646  1986.099  14.100  0.001
444  1082.152  1988.259  17.225  0.005
445  1097.326  1995.477  16.914  0.004
446  512.522  2006.030  16.238  0.003
