3213.6849443644  5114.418
3216.50666026479  1473.599
3219.32837616517  900.2004
3222.15009206555  1000.901
3224.97180796594  1017.007
3227.79352386632  1060.155
3230.61523976671  1065.872
3233.43695566709  1047.85
3236.25867156747  992.6212
3239.08038746786  982.2108
3241.90210336824  1030.493
3244.72381926863  1139.687
3247.54553516901  1237.261
3250.36725106939  1309.077
3253.18896696978  1344.865
3256.01068287016  1301.449
3258.83239877054  1298.866
3261.65411467093  1381.361
3264.47583057131  1431.56
3267.2975464717  1532.84
3270.11926237208  1581.468
3272.94097827246  1619.706
3275.76269417285  1612.784
3278.58441007323  1544.972
3281.40612597361  1515.358
3284.227841874  1449.137
3287.04955777438  1479.847
3289.87127367477  1601.907
3292.69298957515  1673.434
3295.51470547553  1756.773
3298.33642137592  1905.435
3301.1581372763  1982.577
3303.97985317669  2002.761
3306.80156907707  2012.739
3309.62328497745  1971.014
3312.44500087784  1897.283
3315.26671677822  1961.746
3318.0884326786  1985.268
3320.91014857899  1992.923
3323.73186447937  1999.707
3326.55358037976  2051.398
3329.37529628014  2008.814
3332.19701218052  2006.182
3335.01872808091  2094.755
3337.84044398129  2141.67
3340.66215988167  2116.198
3343.48387578206  2072.929
3346.30559168244  2130.288
3349.12730758283  2223.269
3351.94902348321  2240.41
3354.77073938359  2237.897
3357.59245528398  2313.721
3360.41417118436  2387.177
3363.23588708474  2361.597
3366.05760298513  2320.502
3368.87931888551  2363.524
3371.7010347859  2365.978
3374.52275068628  2331.142
3377.34446658666  2363.69
3380.16618248705  2457.094
3382.98789838743  2511.961
3385.80961428782  2492.259
3388.6313301882  2616.349
3391.45304608858  2719.513
3394.27476198897  2691.933
3397.09647788935  2593.588
3399.91819378973  2645.991
3402.73990969012  2896.212
3405.5616255905  2913.686
3408.38334149089  2818.76
3411.20505739127  2753.768
3414.02677329165  2754.269
3416.84848919204  2838.86
3419.67020509242  2960.207
3422.4919209928  3107.503
3425.31363689319  3123.399
3428.13535279357  3080.593
3430.95706869396  3156.844
3433.77878459434  3224.713
3436.60050049472  3162.644
3439.42221639511  3023.836
3442.24393229549  2935.945
3445.06564819587  2816.348
3447.88736409626  2865.234
3450.70907999664  3034.817
3453.53079589703  3158.509
3456.35251179741  3158.979
3459.17422769779  3074.613
3461.99594359818  3036.648
3464.81765949856  3077.17
3467.63937539894  3235.
3470.46109129933  3405.874
3473.28280719971  3465.448
3476.1045231001  3422.172
3478.92623900048  3283.782
3481.74795490086  3358.539
3484.56967080125  3482.801
3487.39138670163  3583.961
3490.21310260202  3626.516
3493.0348185024  3573.263
3495.85653440278  3510.034
3498.67825030317  3500.212
3501.49996620355  3618.719
3504.32168210394  3854.246
3507.14339800432  3907.046
3509.9651139047  3891.33
3512.78682980509  3958.147
3515.60854570547  3938.917
3518.43026160585  3984.352
3521.25197750624  4060.305
3524.07369340662  4054.761
3526.89540930701  3989.949
3529.71712520739  4024.963
3532.53884110777  4159.958
3535.36055700816  4273.318
3538.18227290854  4367.726
3541.00398880892  4497.905
3543.82570470931  4514.361
3546.64742060969  4667.651
3549.46913651008  4610.953
3552.29085241046  4618.259
3555.11256831084  4576.623
3557.93428421123  4648.603
3560.75600011161  4677.387
3563.577716012  4719.196
3566.39943191238  4584.431
3569.22114781276  4433.756
3572.04286371315  4394.623
3574.86457961353  4378.989
3577.68629551391  4463.512
3580.5080114143  4678.417
3583.32972731468  4612.931
3586.15144321507  4426.473
3588.97315911545  4469.152
3591.79487501583  4594.094
3594.61659091622  4900.475
3597.4383068166  5085.979
3600.26002271698  5073.708
3603.08173861737  4980.183
3605.90345451775  4845.865
3608.72517041814  4752.196
3611.54688631852  4696.595
3614.3686022189  4677.46
3617.19031811929  4894.866
3620.01203401967  5008.561
3622.83374992005  4967.388
3625.65546582044  5130.251
3628.47718172082  5298.956
3631.29889762121  5188.239
3634.12061352159  5087.846
3636.94232942197  5237.168
3639.76404532236  5411.593
3642.58576122274  5436.35
3645.40747712312  5273.044
3648.22919302351  5358.615
3651.05090892389  5535.563
3653.87262482428  5688.515
3656.69434072466  5918.549
3659.51605662504  5900.111
3662.33777252543  5822.417
3665.15948842581  5762.061
3667.9812043262  5807.33
3670.80292022658  5787.46
3673.62463612696  5797.721
3676.44635202735  5758.408
3679.26806792773  5677.395
3682.08978382811  5679.642
3684.9114997285  5780.514
3687.73321562888  5939.14
3690.55493152927  6086.193
3693.37664742965  6222.152
3696.19836333003  6226.008
3699.02007923042  6248.387
3701.8417951308  6401.026
3704.66351103118  6160.423
3707.48522693157  6106.651
3710.30694283195  6358.072
3713.12865873234  6583.159
3715.95037463272  7149.426
3718.7720905331  7326.357
3721.59380643349  6922.105
3724.41552233387  7019.622
3727.23723823426  7772.8
3730.05895413464  7566.969
3732.88067003502  6771.016
3735.70238593541  6559.369
3738.52410183579  7660.491
3741.34581773617  8702.565
3744.16753363656  8308.3
3746.98924953694  7227.531
3749.81096543733  6725.344
3752.63268133771  7481.434
3755.45439723809  8993.126
3758.27611313848  9544.444
3761.09782903886  9451.18
3763.91954493925  9149.873
3766.74126083963  8334.483
3769.56297674001  7433.676
3772.3846926404  7780.743
3775.20640854078  9386.972
3778.02812444116  11059.2
3780.84984034155  12207.98
3783.67155624193  12316.41
3786.49327214232  11601.56
3789.3149880427  10684.99
3792.13670394308  9581.467
3794.95841984347  8216.855
3797.78013574385  7604.042
3800.60185164423  8744.726
3803.42356754462  10875.88
3806.245283445  12333.22
3809.06699934539  13153.38
3811.88871524577  13702.16
3814.71043114615  13440.24
3817.53214704654  13479.97
3820.35386294692  13516.32
3823.17557884731  12565.38
3825.99729474769  11305.23
3828.81901064807  10040.27
3831.64072654846  8545.021
3834.46244244884  7502.825
3837.28415834922  8165.516
3840.10587424961  10312.63
3842.92759014999  12286.12
3845.74930605038  13692.29
3848.57102195076  14586.42
3851.39273785114  15439.13
3854.21445375153  16013.11
3857.03616965191  16355.73
3859.85788555229  16570.68
3862.67960145268  17149.22
3865.50131735306  17313.9
3868.32303325345  17142.36
3871.14474915383  16366.94
3873.96646505421  15366.44
3876.7881809546  14612.49
3879.60989685498  13272.36
3882.43161275536  11592.84
3885.25332865575  9597.943
3888.07504455613  8412.021
3890.89676045652  9355.689
3893.7184763569  11402.93
3896.54019225728  12993.
3899.36190815767  14205.86
3902.18362405805  15352.5
3905.00533995844  16149.23
3907.82705585882  17110.69
3910.6487717592  17801.92
3913.47048765959  17541.29
3916.29220355997  17340.49
3919.11391946035  17558.66
3921.93563536074  17540.37
3924.75735126112  16419.83
3927.57906716151  13809.92
3930.40078306189  10337.63
3933.22249896227  8807.686
3936.04421486266  11648.25
3938.86593076304  15546.22
3941.68764666342  16806.8
3944.50936256381  16797.44
3947.33107846419  16749.05
3950.15279436458  16314.22
3952.97451026496  15892.95
3955.79622616534  15160.74
3958.61794206573  13795.57
3961.43965796611  11951.68
3964.26137386649  9409.971
3967.08308976688  7194.743
3969.90480566726  7432.986
3972.72652156765  10050.23
3975.54823746803  12802.29
3978.36995336841  14705.52
3981.1916692688  15767.12
3984.01338516918  16504.6
3986.83510106957  17316.5
3989.65681696995  17970.88
3992.47853287033  18315.47
3995.30024877072  18300.96
3998.1219646711  18436.75
4000.94368057149  19008.78
4003.76539647187  19348.95
4006.58711237225  19358.35
4009.40882827264  20036.35
4012.23054417302  20570.4
4015.0522600734  20618.7
4017.87397597379  20862.89
4020.69569187417  20783.38
4023.51740777456  20453.17
4026.33912367494  20275.73
4029.16083957532  19816.15
4031.98255547571  19809.15
4034.80427137609  20705.48
4037.62598727647  21240.73
4040.44770317686  21151.75
4043.26941907724  20605.42
4046.09113497763  20450.31
4048.91285087801  20849.82
4051.73456677839  20896.92
4054.55628267878  20721.04
4057.37799857916  20929.76
4060.19971447954  20965.94
4063.02143037993  20403.34
4065.84314628031  20385.66
4068.6648621807  20201.56
4071.48657808108  19790.07
4074.30829398146  18913.27
4077.13000988185  18354.3
4079.95172578223  18863.88
4082.77344168261  18883.65
4085.595157583  18319.96
4088.41687348338  17707.42
4091.23858938377  16335.61
4094.06030528415  14546.35
4096.88202118453  12330.92
4099.70373708492  10720.48
4102.5254529853  11434.24
4105.34716888569  14025.17
4108.16888478607  16223.99
4110.99060068645  17807.87
4113.81231658684  19072.38
4116.63403248722  19742.95
4119.4557483876  19873.59
4122.27746428799  20289.65
4125.09918018837  20488.13
4127.92089608876  20400.85
4130.74261198914  20951.75
4133.56432788952  21974.77
4136.38604378991  23302.34
4139.20775969029  23431.28
4142.02947559067  22959.36
4144.85119149106  22886.12
4147.67290739144  22989.98
4150.49462329183  22954.62
4153.31633919221  22770.5
4156.13805509259  22805.89
4158.95977099298  23448.37
4161.78148689336  23449.07
4164.60320279375  23840.95
4167.42491869413  23441.55
4170.24663459451  22569.16
4173.0683504949  21878.21
4175.89006639528  21978.53
4178.71178229566  22289.02
4181.53349819605  22661.05
4184.35521409643  22718.3
4187.17692999682  23245.82
4189.9986458972  23540.97
4192.82036179758  23610.36
4195.64207769797  22816.08
4198.46379359835  22131.16
4201.28550949873  22390.67
4204.10722539912  22895.76
4206.9289412995  23375.28
4209.75065719989  23679.63
4212.57237310027  23562.04
4215.39408900065  23344.29
4218.21580490104  23563.32
4221.03752080142  23170.61
4223.8592367018  22231.8
4226.68095260219  22365.44
4229.50266850257  23271.26
4232.32438440296  22974.93
4235.14610030334  22715.63
4237.96781620372  23172.41
4240.78953210411  23671.24
4243.61124800449  23409.51
4246.43296390487  22939.96
4249.25467980526  23193.9
4252.07639570564  23895.89
4254.89811160603  23991.16
4257.71982750641  23815.3
4260.5415434068  23965.17
4263.36325930718  24660.19
4266.18497520756  24392.82
4269.00669110794  23551.54
4271.82840700833  23435.75
4274.65012290871  23984.94
4277.4718388091  24490.73
4280.29355470948  24252.77
4283.11527060986  23695.45
4285.93698651025  23174.3
4288.75870241063  22715.2
4291.58041831102  22882.78
4294.4021342114  22530.14
4297.22385011178  21691.74
4300.04556601217  21400.18
4302.86728191255  21465.74
4305.68899781294  21907.02
4308.51071371332  22320.8
4311.3324296137  22254.4
4314.15414551409  21851.24
4316.97586141447  22014.65
4319.79757731485  21813.92
4322.61929321524  20774.81
4325.44100911562  19771.46
4328.26272501601  18930.47
4331.08444091639  17467.24
4333.90615681677  15290.32
4336.72787271716  12832.66
4339.54958861754  11976.72
4342.37130451792  14160.04
4345.19302041831  17254.05
4348.01473631869  19158.94
4350.83645221908  19983.23
4353.65816811946  21301.87
4356.47988401984  22400.61
4359.30159992023  23554.47
4362.12331582061  24344.23
4364.945031721  24234.45
4367.76674762138  24019.64
4370.58846352176  24325.63
4373.41017942215  24098.9
4376.23189532253  24622.46
4379.05361122292  24944.29
4381.8753271233  24012.55
4384.69704302368  23856.4
4387.51875892407  24753.79
4390.34047482445  24723.59
4393.16219072483  24160.94
4395.98390662522  23910.68
4398.8056225256  23758.76
4401.62733842598  24406.8
4404.44905432637  25110.01
4407.27077022675  25672.47
4410.09248612714  25661.58
4412.91420202752  25159.34
4415.7359179279  24787.59
4418.55763382829  25734.95
4421.37934972867  26575.3
4424.20106562906  26785.47
4427.02278152944  26639.08
4429.84449742982  26403.63
4432.66621333021  26181.48
4435.48792923059  26615.29
4438.30964513097  27006.63
4441.13136103136  26029.54
4443.95307693174  26035.14
4446.77479283213  26634.62
4449.59650873251  26712.73
4452.41822463289  26196.13
4455.23994053328  25767.4
4458.06165643366  25722.18
4460.88337233405  26097.31
4463.70508823443  26265.48
4466.52680413481  26032.91
4469.3485200352  26303.9
4472.17023593558  27386.95
4474.99195183596  27722.08
4477.81366773635  26668.82
4480.63538363673  25922.62
4483.45709953711  26576.37
4486.2788154375  27055.86
4489.10053133788  27010.78
4491.92224723827  27189.05
4494.74396313865  27395.97
4497.56567903903  27810.36
4500.38739493942  27830.98
4503.2091108398  28188.66
4506.03082674019  28064.03
4508.85254264057  27626.17
4511.67425854095  27461.65
4514.49597444134  27112.81
4517.31769034172  26558.56
4520.1394062421  26031.79
4522.96112214249  25749.
4525.78283804287  25745.56
4528.60455394326  25875.65
4531.42626984364  25981.61
4534.24798574402  26415.38
4537.06970164441  27069.95
4539.89141754479  26905.44
4542.71313344517  26510.65
4545.53484934556  25900.23
4548.35656524594  25075.21
4551.17828114633  25152.6
4553.99999704671  25272.06
4556.82171294709  26110.51
4559.64342884748  26659.57
4562.46514474786  26704.41
4565.28686064824  26899.36
4568.10857654863  27148.38
4570.93029244901  26979.74
4573.7520083494  26742.52
4576.57372424978  26550.79
4579.39544015016  25521.91
4582.21715605055  25314.88
4585.03887195093  26066.4
4587.86058785132  26013.95
4590.6823037517  25870.95
4593.50401965208  26335.88
4596.32573555247  26979.04
4599.14745145285  27241.2
4601.96916735323  27497.02
4604.79088325362  27523.01
4607.612599154  27700.73
4610.43431505439  27900.05
4613.25603095477  27548.6
4616.07774685515  27367.7
4618.89946275554  27344.8
4621.72117865592  27916.49
4624.54289455631  27835.01
4627.36461045669  27577.21
4630.18632635707  27677.43
4633.00804225746  27508.33
4635.82975815784  27360.73
4638.65147405822  27450.23
4641.47318995861  27307.48
4644.29490585899  27006.68
4647.11662175938  26836.11
4649.93833765976  27070.
4652.76005356014  27164.22
4655.58176946053  27108.99
4658.40348536091  27389.07
4661.22520126129  27543.08
4664.04691716168  27084.69
4666.86863306206  26611.49
4669.69034896245  27186.74
4672.51206486283  27962.04
4675.33378076321  28267.05
4678.1554966636  28429.16
4680.97721256398  28412.2
4683.79892846437  28760.97
4686.62064436475  29041.27
4689.44236026513  29053.44
4692.26407616552  28901.28
4695.0857920659  28939.64
4697.90750796628  28812.99
4700.72922386667  28543.15
4703.55093976705  28455.54
4706.37265566744  28961.15
4709.19437156782  29522.74
4712.0160874682  29755.13
4714.83780336859  29796.09
4717.65951926897  30231.86
4720.48123516935  30547.29
4723.30295106974  30560.36
4726.12466697012  30349.55
4728.94638287051  30310.45
4731.76809877089  30677.21
4734.58981467127  30935.42
4737.41153057166  31366.48
4740.23324647204  31699.27
4743.05496237242  32017.51
4745.87667827281  32215.96
4748.69839417319  32449.28
4751.52011007358  32262.75
4754.34182597396  32003.68
4757.16354187434  32080.35
4759.98525777473  32172.82
4762.80697367511  32080.33
4765.6286895755  32410.11
4768.45040547588  32730.03
4771.27212137626  33295.21
4774.09383727665  33766.48
4776.91555317703  33895.36
4779.73726907741  33672.33
4782.5589849778  33715.68
4785.38070087818  33690.82
4788.20241677856  34029.62
4791.02413267895  34659.48
4793.84584857933  35003.79
4796.66756447972  34553.25
4799.4892803801  34571.42
4802.31099628048  34744.11
4805.13271218087  34418.07
4807.95442808125  34643.02
4810.77614398164  34785.66
4813.59785988202  35244.2
4816.4195757824  35473.01
4819.24129168279  34876.14
4822.06300758317  34183.87
4824.88472348356  34246.48
4827.70643938394  34431.71
4830.52815528432  34503.2
4833.34987118471  34372.08
4836.17158708509  33522.76
4838.99330298547  33283.99
4841.81501888586  32614.21
4844.63673478624  31527.65
4847.45845068663  29792.33
4850.28016658701  28052.29
4853.10188248739  25525.26
4855.92359838778  22272.27
4858.74531428816  19161.04
4861.56703018855  18917.95
4864.38874608893  22925.36
4867.21046198931  26787.81
4870.0321778897  28521.45
4872.85389379008  30266.38
4875.67560969046  31806.16
4878.49732559085  33099.91
4881.31904149123  33961.83
4884.14075739162  34131.7
4886.962473292  34753.89
4889.78418919238  35125.56
4892.60590509277  36354.13
4895.42762099315  37558.96
4898.24933689353  36963.55
4901.07105279392  36735.93
4903.8927686943  37568.36
4906.71448459469  37889.18
4909.53620049507  37543.3
4912.35791639545  37872.95
4915.17963229584  37989.54
4918.00134819622  36253.
4920.82306409661  35756.37
4923.64477999699  37165.54
4926.46649589737  38637.35
4929.28821179776  39268.95
4932.10992769814  38399.48
4934.93164359852  37779.64
4937.75335949891  38367.62
4940.57507539929  39922.18
4943.39679129967  40633.75
4946.21850720006  40424.81
4949.04022310044  40075.25
4951.86193900083  40039.41
4954.68365490121  39509.19
4957.50537080159  39140.85
4960.32708670198  40133.39
4963.14880260236  40813.89
4965.97051850275  40543.43
4968.79223440313  40617.77
4971.61395030351  41277.06
4974.4356662039  41317.53
4977.25738210428  40852.66
4980.07909800466  38900.05
4982.90081390505  38509.23
4985.72252980543  39033.4
4988.54424570582  40581.84
4991.3659616062  40475.31
4994.18767750658  40825.54
4997.00939340697  40656.73
4999.83110930735  40019.92
5002.65282520773  39443.69
5005.47454110812  39702.33
5008.2962570085  40131.06
5011.11797290889  40140.48
5013.93968880927  39392.48
5016.76140470965  39058.92
5019.58312061004  39412.81
5022.40483651042  41140.76
5025.22655241081  41718.21
5028.04826831119  41583.08
5030.86998421157  42130.72
5033.69170011196  42019.41
5036.51341601234  41501.46
5039.33513191272  41183.7
5042.15684781311  41511.48
5044.97856371349  43256.34
5047.80027961388  43266.99
5050.62199551426  42457.36
5053.44371141465  43047.32
5056.26542731503  44200.32
5059.08714321541  44505.71
5061.9088591158  44459.01
5064.73057501618  43759.46
5067.55229091656  43498.52
5070.37400681695  43517.11
5073.19572271733  43244.23
5076.01743861771  43322.57
5078.8391545181  42560.41
5081.66087041848  42760.3
5084.48258631887  43581.72
5087.30430221925  44258.13
5090.12601811963  44988.3
5092.94773402002  45261.04
5095.7694499204  44546.37
5098.59116582078  43564.78
5101.41288172117  44204.04
5104.23459762155  45208.72
5107.05631352194  45276.32
5109.87802942232  45287.92
5112.6997453227  45801.61
5115.52146122309  46231.48
5118.34317712347  46464.64
5121.16489302386  45783.32
5123.98660892424  44860.56
5126.80832482462  44864.07
5129.63004072501  44922.37
5132.45175662539  45575.56
5135.27347252578  45600.98
5138.09518842616  45229.83
5140.91690432654  45301.22
5143.73862022693  45911.79
5146.56033612731  46451.64
5149.38205202769  46628.15
5152.20376792808  46305.96
5155.02548382846  46571.36
5157.84719972884  47218.04
5160.66891562923  46781.96
5163.49063152961  45812.43
5166.31234743  43983.73
5169.13406333038  42813.9
5171.95577923076  45149.9
5174.77749513115  47592.71
5177.59921103153  48332.3
5180.42092693192  47003.49
5183.2426428323  45553.98
5186.06435873268  45156.68
5188.88607463307  46031.27
5191.70779053345  45878.14
5194.52950643383  45549.41
5197.35122233422  46279.48
5200.1729382346  46623.83
5202.99465413499  46363.77
5205.81637003537  46152.58
5208.63808593575  46654.01
5211.45980183614  48508.78
5214.28151773652  48843.53
5217.1032336369  48257.55
5219.92494953729  49169.13
5222.74666543767  49407.28
5225.56838133806  47017.16
5228.39009723844  46687.12
5231.21181313882  47811.5
5234.03352903921  47485.71
5236.85524493959  48416.7
5239.67696083997  50181.61
5242.49867674036  50322.54
5245.32039264074  50498.99
5248.14210854113  50411.32
5250.96382444151  49764.74
5253.78554034189  50200.3
5256.60725624228  49859.35
5259.42897214266  49431.47
5262.25068804304  47396.96
5265.07240394343  45762.
5267.89411984381  46458.6
5270.7158357442  46824.92
5273.53755164458  47781.69
5276.35926754496  48500.15
5279.18098344535  49687.54
5282.00269934573  49883.13
5284.82441524612  49858.2
5287.6461311465  51961.47
5290.46784704688  52437.57
5293.28956294727  51998.16
5296.11127884765  50956.18
5298.93299474804  50613.52
5301.75471064842  51251.32
5304.5764265488  51466.44
5307.39814244919  51146.52
5310.21985834957  51132.93
5313.04157424995  50840.57
5315.86329015034  50234.6
5318.68500605072  50594.29
5321.5067219511  51518.18
5324.32843785149  50067.04
5327.15015375187  48832.48
5329.97186965226  50378.05
5332.79358555264  52114.7
5335.61530145302  51447.15
5338.43701735341  50221.59
5341.25873325379  50969.25
5344.08044915418  52432.16
5346.90216505456  52725.92
5349.72388095494  52673.3
5352.54559685533  53019.29
5355.36731275571  53723.33
5358.18902865609  53955.5
5361.01074455648  52354.73
5363.83246045686  50965.27
5366.65417635725  51114.49
5369.47589225763  50544.5
5372.29760815801  51063.35
5375.1193240584  53071.16
5377.94103995878  53520.48
5380.76275585916  52438.52
5383.58447175955  52484.63
5386.40618765993  53360.89
5389.22790356032  53381.2
5392.0496194607  52786.48
5394.87133536108  52704.48
5397.69305126147  52116.95
5400.51476716185  52029.01
5403.33648306224  50910.86
5406.15819896262  51114.11
5408.979914863  51831.6
5411.80163076339  52329.84
5414.62334666377  52700.83
5417.44506256415  53281.24
5420.26677846454  53229.02
5423.08849436492  52766.51
5425.91021026531  52453.46
5428.73192616569  52573.78
5431.55364206607  51964.25
5434.37535796646  52521.43
5437.19707386684  53707.57
5440.01878976723  54666.4
5442.84050566761  54634.14
5445.66222156799  52935.88
5448.48393746838  53237.51
5451.30565336876  54417.41
5454.12736926914  54083.23
5456.94908516953  53986.
5459.77080106991  54785.49
5462.5925169703  53627.18
5465.41423287068  53694.57
5468.23594877106  54219.95
5471.05766467145  54364.48
5473.87938057183  53588.07
5476.70109647221  52437.5
5479.5228123726  52986.64
5482.34452827298  54433.26
5485.16624417337  55051.52
5487.98796007375  54879.89
5490.80967597413  54984.84
5493.63139187452  54942.77
5496.4531077749  54633.03
5499.27482367528  54367.2
5502.09653957567  54428.61
5504.91825547605  54547.64
5507.73997137644  54268.97
5510.56168727682  53877.7
5513.3834031772  54559.16
5516.20511907759  55511.66
5519.02683497797  55937.07
5521.84855087836  55726.2
5524.67026677874  54299.46
5527.49198267912  53016.3
5530.31369857951  53949.42
5533.13541447989  54713.22
5535.95713038027  54932.79
5538.77884628066  55944.38
5541.60056218104  55244.55
5544.42227808143  54606.91
5547.24399398181  55321.2
5550.06570988219  55820.42
5552.88742578258  56104.68
5555.70914168296  55709.03
5558.53085758334  55657.41
5561.35257348373  54956.13
5564.17428938411  54307.71
5566.9960052845  54696.44
5569.81772118488  54749.73
5572.63943708526  54453.1
5575.46115298565  54383.63
5578.28286888603  54691.73
5581.10458478642  54780.3
5583.9263006868  54111.68
5586.74801658718  53265.26
5589.56973248757  52401.6
5592.39144838795  53719.09
5595.21316428833  53634.61
5598.03488018872  53409.04
5600.8565960891  53550.66
5603.67831198949  53731.29
5606.50002788987  55151.12
5609.32174379026  55694.27
5612.14345969064  54833.1
5614.96517559102  53787.15
5617.7868914914  53949.49
5620.60860739179  55132.35
5623.43032329217  55002.86
5626.25203919256  54729.81
5629.07375509294  54699.17
5631.89547099332  55006.05
5634.71718689371  54947.96
5637.53890279409  54761.34
5640.36061869447  54410.26
5643.18233459486  54502.73
5646.00405049524  54907.18
5648.82576639563  54832.84
5651.64748229601  54473.36
5654.46919819639  54242.25
5657.29091409678  53334.32
5660.11262999716  52577.16
5662.93434589755  52526.66
5665.75606179793  53614.92
5668.57777769831  54435.48
5671.3994935987  54570.84
5674.22120949908  54733.43
5677.04292539946  54195.06
5679.86464129985  53590.91
5682.68635720023  53326.98
5685.50807310062  53531.51
5688.329789001  54009.32
5691.15150490138  54035.67
5693.97322080177  54391.97
5696.79493670215  53676.39
5699.61665260254  53895.79
5702.43836850292  53678.79
5705.2600844033  53141.66
5708.08180030369  52750.68
5710.90351620407  52608.21
5713.72523210445  53144.09
5716.54694800484  53400.42
5719.36866390522  54420.21
5722.1903798056  54647.19
5725.01209570599  54099.13
5727.83381160637  54226.94
5730.65552750676  53905.77
5733.47724340714  53691.37
5736.29895930752  53763.9
5739.12067520791  54108.
5741.94239110829  54320.97
5744.76410700868  54056.61
5747.58582290906  53897.56
5750.40753880944  52962.07
5753.22925470983  52630.52
5756.05097061021  52774.41
5758.87268651059  53649.88
5761.69440241098  53480.95
5764.51611831136  52963.38
5767.33783421175  53373.99
5770.15955011213  53363.33
5772.98126601251  53386.22
5775.8029819129  53694.61
5778.62469781328  53618.91
5781.44641371367  52701.75
5784.26812961405  52223.73
5787.08984551443  52897.51
5789.91156141482  53130.64
5792.7332773152  52814.62
5795.55499321559  52974.77
5798.37670911597  52916.73
5801.19842501635  52311.77
5804.02014091674  52206.48
5806.84185681712  52278.61
5809.6635727175  52469.64
5812.48528861789  52929.2
5815.30700451827  52913.49
5818.12872041865  52761.22
5820.95043631904  52961.62
5823.77215221942  53058.99
5826.59386811981  53093.89
5829.41558402019  52806.76
5832.23729992057  52949.77
5835.05901582096  52582.15
5837.88073172134  52417.57
5840.70244762173  52906.56
5843.52416352211  53090.37
5846.34587942249  52896.05
5849.16759532288  52577.77
5851.98931122326  51517.85
5854.81102712364  50613.61
5857.63274302403  50822.87
5860.45445892441  51738.39
5863.2761748248  52194.82
5866.09789072518  52599.24
5868.91960662556  52462.48
5871.74132252595  52627.9
5874.56303842633  52303.79
5877.38475432672  51884.82
5880.2064702271  52178.45
5883.02818612748  51996.62
5885.84990202786  51253.89
5888.67161792825  48929.89
5891.49333382863  47781.06
5894.31504972902  48523.01
5897.1367656294  48989.65
5899.95848152979  51120.81
5902.78019743017  51725.18
5905.60191333055  51033.35
5908.42362923094  51204.26
5911.24534513132  51498.75
5914.0670610317  50701.38
5916.88877693209  51297.15
5919.71049283247  51585.19
5922.53220873286  51557.15
5925.35392463324  51393.87
5928.17564053362  50947.3
5930.99735643401  50511.26
5933.81907233439  51001.96
5936.64078823477  51225.6
5939.46250413516  51587.36
5942.28422003554  51467.45
5945.10593593593  50807.8
5947.92765183631  50494.24
5950.74936773669  50153.01
5953.57108363708  50803.9
5956.39279953746  50990.2
5959.21451543785  50831.09
5962.03623133823  50556.96
5964.85794723861  50378.13
5967.679663139  50367.99
5970.50137903938  50586.79
5973.32309493976  51077.77
5976.14481084015  50758.42
5978.96652674053  50132.86
5981.78824264092  49435.16
5984.6099585413  49325.75
5987.43167444168  49672.8
5990.25339034207  49583.46
5993.07510624245  49710.
5995.89682214284  50241.3
5998.71853804322  49769.2
6001.5402539436  49656.39
6004.36196984399  49961.52
6007.18368574437  49366.3
6010.00540164475  49389.12
6012.82711754514  49620.37
6015.64883344552  49508.47
6018.4705493459  49159.07
6021.29226524629  48886.59
6024.11398114667  49025.2
6026.93569704706  49773.54
6029.75741294744  50449.13
6032.57912884782  50188.31
6035.40084474821  50207.2
6038.22256064859  49722.03
6041.04427654898  49964.91
6043.86599244936  49675.28
6046.68770834974  49597.93
6049.50942425013  49475.86
6052.33114015051  49090.82
6055.15285605089  49311.27
6057.97457195128  49321.38
6060.79628785166  49666.98
6063.61800375205  49503.04
6066.43971965243  49271.86
6069.26143555281  49915.58
6072.0831514532  50046.29
6074.90486735358  49663.51
6077.72658325396  49171.1
6080.54829915435  49398.57
6083.37001505473  49236.38
6086.19173095512  49267.18
6089.0134468555  49561.21
6091.83516275588  49584.69
6094.65687865627  49322.83
6097.47859455665  49333.04
6100.30031045704  48720.81
6103.12202635742  48115.95
6105.9437422578  49040.44
6108.76545815819  49540.25
6111.58717405857  49548.95
6114.40888995895  49220.18
6117.23060585934  48998.92
6120.05232175972  48699.5
6122.87403766011  48316.9
6125.69575356049  48964.07
6128.51746946087  49341.72
6131.33918536126  49233.53
6134.16090126164  48598.
6136.98261716202  47595.18
6139.80433306241  46914.64
6142.62604896279  47190.71
6145.44776486318  47692.96
6148.26948076356  47650.02
6151.09119666394  48012.89
6153.91291256433  48476.02
6156.73462846471  47842.05
6159.5563443651  46954.45
6162.37806026548  46277.24
6165.19977616586  47234.38
6168.02149206625  47601.84
6170.84320796663  47856.72
6173.66492386702  48155.07
6176.4866397674  47796.33
6179.30835566778  48159.05
6182.13007156817  48311.75
6184.95178746855  48509.53
6187.77350336893  48085.89
6190.59521926932  47645.77
6193.4169351697  48245.79
6196.23865107008  48133.6
6199.06036697047  48346.38
6201.88208287085  48507.98
6204.70379877124  48248.36
6207.52551467162  48121.89
6210.347230572  48257.23
6213.16894647239  48383.15
6215.99066237277  48141.57
6218.81237827316  47882.81
6221.63409417354  47951.35
6224.45581007392  48259.65
6227.27752597431  47894.36
6230.09924187469  47006.11
6232.92095777507  47226.66
6235.74267367546  47435.99
6238.56438957584  46772.93
6241.38610547623  46839.46
6244.20782137661  46786.
6247.02953727699  45794.34
6249.85125317738  46399.65
6252.67296907776  46600.15
6255.49468497815  46511.92
6258.31640087853  47062.88
6261.13811677891  47608.81
6263.9598326793  47646.69
6266.78154857968  47239.25
6269.60326448006  47391.81
6272.42498038045  47370.77
6275.24669628083  46811.11
6278.06841218122  45377.64
6280.8901280816  44597.52
6283.71184398198  45882.74
6286.53355988237  46581.1
6289.35527578275  46941.32
6292.17699168313  46470.98
6294.99870758352  46415.16
6297.8204234839  45991.96
6300.64213938429  46084.9
6303.46385528467  46004.27
6306.28557118505  46448.62
6309.10728708544  46498.65
6311.92900298582  46436.35
6314.7507188862  45799.69
6317.57243478659  45393.91
6320.39415068697  46225.19
6323.21586658736  46771.26
6326.03758248774  46841.43
6328.85929838812  47320.48
6331.68101428851  47054.51
6334.50273018889  46128.67
6337.32444608927  45926.11
6340.14616198966  46028.95
6342.96787789004  45819.77
6345.78959379043  45301.96
6348.61130969081  46083.01
6351.43302559119  47043.12
6354.25474149158  47109.51
6357.07645739196  47009.87
6359.89817329235  46572.37
6362.71988919273  46300.92
6365.54160509311  46626.79
6368.3633209935  46546.41
6371.18503689388  45850.79
6374.00675279426  46397.43
6376.82846869465  47115.77
6379.65018459503  46980.99
6382.47190049542  47251.8
6385.2936163958  46915.7
6388.11533229618  46892.07
6390.93704819657  46843.05
6393.75876409695  46467.86
6396.58047999733  46469.87
6399.40219589772  46310.31
6402.2239117981  46604.94
6405.04562769849  46757.7
6407.86734359887  46139.73
6410.68905949925  45807.99
6413.51077539964  45732.04
6416.33249130002  45637.25
6419.15420720041  45854.55
6421.97592310079  45949.18
6424.79763900117  46326.43
6427.61935490156  46614.82
6430.44107080194  45458.27
6433.26278670232  45144.46
6436.08450260271  46073.71
6438.90621850309  45593.46
6441.72793440348  46355.86
6444.54965030386  46822.7
6447.37136620424  45938.82
6450.19308210463  45437.84
6453.01479800501  44889.51
6455.83651390539  44073.82
6458.65822980578  44870.12
6461.47994570616  44842.62
6464.30166160655  45272.35
6467.12337750693  46386.7
6469.94509340732  45740.32
6472.7668093077  45856.75
6475.58852520808  45563.91
6478.41024110847  45719.64
6481.23195700885  45515.41
6484.05367290923  45465.29
6486.87538880962  45720.29
6489.69710471  44896.01
6492.51882061038  43369.61
6495.34053651077  42157.01
6498.16225241115  43029.83
6500.98396831154  44787.62
6503.80568421192  45733.5
6506.6274001123  45903.9
6509.44911601269  46168.13
6512.27083191307  45463.24
6515.09254781346  44519.73
6517.91426371384  44257.05
6520.73597961422  45081.86
6523.55769551461  45646.43
6526.37941141499  45138.7
6529.20112731537  44656.5
6532.02284321576  44884.66
6534.84455911614  44382.44
6537.66627501653  43570.63
6540.48799091691  43135.57
6543.30970681729  42646.33
6546.13142271768  41651.93
6548.95313861806  40285.74
6551.77485451844  39009.42
6554.59657041883  37302.88
6557.41828631921  34169.62
6560.2400022196  28388.87
6563.06171811998  24969.71
6565.88343402036  29332.17
6568.70514992075  34865.53
6571.52686582113  37728.96
6574.34858172151  39984.3
6577.1702976219  41454.97
6579.99201352228  42189.1
6582.81372942267  42738.48
6585.63544532305  42973.33
6588.45716122343  43194.62
6591.27887712382  43594.06
6594.1005930242  43784.56
6596.92230892459  44149.73
6599.74402482497  44837.89
6602.56574072535  45085.59
6605.38745662574  44647.47
6608.20917252612  44674.92
6611.0308884265  44855.29
6613.85260432689  45119.43
6616.67432022727  45312.83
6619.49603612765  45397.44
6622.31775202804  45571.65
6625.13946792842  45600.84
6627.9611838288  45146.96
6630.78289972919  44885.78
6633.60461562957  44963.78
6636.42633152996  45054.62
6639.24804743034  45254.18
6642.06976333073  45264.55
6644.89147923111  45291.88
6647.71319513149  45304.24
6650.53491103188  45443.67
6653.35662693226  45280.36
6656.17834283264  45239.98
6659.00005873303  45434.2
6661.82177463341  45047.41
6664.6434905338  45034.04
6667.46520643418  45467.67
6670.28692233456  45487.02
6673.10863823495  45381.19
6675.93035413533  44939.22
6678.75207003571  44555.79
6681.5737859361  44563.88
6684.39550183648  44993.13
6687.21721773687  45671.83
6690.03893363725  45438.72
6692.86064953763  45218.39
6695.68236543802  45180.76
6698.5040813384  45283.42
6701.32579723879  45061.17
6704.14751313917  44833.8
6706.96922903955  44286.24
6709.79094493994  44553.72
6712.61266084032  44731.14
6715.4343767407  44520.44
6718.25609264109  44184.79
6721.07780854147  44195.39
6723.89952444186  44372.5
6726.72124034224  44822.12
6729.54295624262  44702.72
6732.36467214301  44422.49
6735.18638804339  44368.53
6738.00810394378  44500.13
6740.82981984416  44183.09
6743.65153574454  44154.89
6746.47325164493  43870.2
6749.29496754531  43683.86
6752.11668344569  43955.53
6754.93839934608  43722.54
6757.76011524646  43748.94
6760.58183114684  43975.94
6763.40354704723  44295.04
6766.22526294761  43963.47
6769.046978848  44206.7
6771.86869474838  44549.08
6774.69041064876  44398.01
6777.51212654915  44184.82
6780.33384244953  43606.89
6783.15555834992  43494.52
6785.9772742503  43681.95
6788.79899015068  44134.55
6791.62070605107  43956.28
6794.44242195145  43371.29
6797.26413785184  43361.45
6800.08585375222  43882.04
6802.9075696526  43992.04
6805.72928555299  43586.17
6808.55100145337  43570.37
6811.37271735375  43755.54
6814.19443325414  43639.2
6817.01614915452  43511.15
6819.83786505491  43665.72
6822.65958095529  43484.55
6825.48129685567  43020.37
6828.30301275606  42854.83
6831.12472865644  43210.8
6833.94644455682  43243.99
6836.76816045721  43058.69
6839.58987635759  42683.83
6842.41159225797  42636.18
6845.23330815836  43082.59
6848.05502405874  42712.61
6850.87673995913  42738.59
6853.69845585951  42530.28
6856.5201717599  42147.3
6859.34188766028  42454.45
6862.16360356066  42535.89
6864.98531946105  41464.56
6867.80703536143  35726.25
6870.62875126181  29784.75
6873.4504671622  29732.62
6876.27218306258  32425.02
6879.09389896297  35414.88
6881.91561486335  38485.57
6884.73733076373  38922.34
6887.55904666412  37078.45
6890.3807625645  36463.07
6893.20247846488  36334.56
6896.02419436527  36690.95
6898.84591026565  37035.34
6901.66762616604  37384.43
6904.48934206642  38088.55
6907.3110579668  38612.54
6910.13277386719  39084.96
6912.95448976757  39325.25
6915.77620566796  39494.35
6918.59792156834  39935.68
6921.41963746872  40260.83
6924.24135336911  40060.24
6927.06306926949  40364.69
6929.88478516987  40797.04
6932.70650107026  40567.97
6935.52821697064  40749.84
6938.34993287102  40712.72
6941.17164877141  40464.26
6943.99336467179  40504.75
6946.81508057218  40614.24
6949.63679647256  40282.74
6952.45851237294  40329.96
6955.28022827333  40376.27
6958.10194417371  40162.93
6960.9236600741  40341.93
6963.74537597448  40319.29
6966.56709187486  40567.18
6969.38880777525  41027.31
6972.21052367563  40972.69
6975.03223957602  40302.91
6977.8539554764  40329.27
6980.67567137678  40356.39
6983.49738727717  40149.72
6986.31910317755  40183.54
6989.14081907793  39662.66
6991.96253497832  39781.95
6994.7842508787  39810.55
6997.60596677909  39529.3
7000.42768267947  39514.8
7003.24939857985  39143.78
7006.07111448024  39056.09
7008.89283038062  39716.06
7011.714546281  39771.59
7014.53626218139  39356.69
7017.35797808177  39013.69
7020.17969398216  39309.2
7023.00140988254  38952.47
7025.82312578292  38883.13
7028.64484168331  38946.67
7031.46655758369  39072.7
7034.28827348408  39120.68
7037.10998938446  39093.04
7039.93170528484  38935.73
7042.75342118523  39265.85
7045.57513708561  39110.01
7048.39685298599  39021.93
7051.21856888638  38803.89
7054.04028478676  38899.38
7056.86200068714  38740.8
7059.68371658753  38437.3
7062.50543248791  38597.51
7065.3271483883  38719.63
7068.14886428868  38818.33
7070.97058018907  38612.29
7073.79229608945  38565.02
7076.61401198983  38453.93
7079.43572789022  38424.38
7082.2574437906  38136.56
7085.07915969098  38136.13
7087.90087559137  38046.62
7090.72259149175  37818.41
7093.54430739213  37780.91
7096.36602329252  38016.6
7099.1877391929  37814.18
7102.00945509329  37699.44
7104.83117099367  37924.92
7107.65288689405  37504.02
7110.47460279444  37227.13
7113.29631869482  36784.49
7116.1180345952  36743.71
7118.93975049559  37193.25
7121.76146639597  36839.93
7124.58318229636  37117.44
7127.40489819674  37097.16
7130.22661409712  37024.89
7133.04832999751  36754.48
7135.87004589789  37129.53
7138.69176179828  37238.07
7141.51347769866  36805.05
7144.33519359904  36070.35
7147.15690949943  35929.09
7149.97862539981  35938.06
7152.80034130019  36556.06
7155.62205720058  36449.99
7158.44377310096  36434.88
7161.26548900135  35831.08
7164.08720490173  35514.59
7166.90892080211  34975.97
7169.7306367025  34890.96
7172.55235260288  34666.49
7175.37406850326  34097.11
7178.19578440365  33839.92
7181.01750030403  33747.29
7183.83921620442  32936.19
7186.6609321048  31889.51
7189.48264800518  32154.14
7192.30436390557  33011.26
7195.12607980595  33066.32
7197.94779570634  33511.88
7200.76951160672  32795.62
7203.5912275071  32285.8
7206.41294340749  32337.64
7209.23465930787  33520.12
7212.05637520825  34367.3
7214.87809110864  34518.8
7217.69980700902  34415.34
7220.52152290941  34069.44
7223.34323880979  33903.55
7226.16495471017  33903.03
7228.98667061056  33971.99
7231.80838651094  33548.26
7234.63010241132  32373.09
7237.45181831171  32382.02
7240.27353421209  32383.47
7243.09525011248  32022.
7245.91696601286  32370.94
7248.73868191324  32831.1
7251.56039781363  32623.02
7254.38211371401  32147.59
7257.2038296144  32557.48
7260.02554551478  32776.37
7262.84726141516  32451.13
7265.66897731555  32245.69
7268.49069321593  32775.28
7271.31240911631  32851.41
7274.1341250167  32067.34
7276.95584091708  31553.72
7279.77755681746  31787.29
7282.59927271785  32327.13
7285.42098861823  32537.88
7288.24270451862  31773.15
7291.064420419  31177.63
7293.88613631939  31408.88
7296.70785221977  32404.29
7299.52956812015  32511.68
7302.35128402054  31620.42
7305.17299992092  31253.73
7307.9947158213  31398.65
7310.81643172169  31530.42
7313.63814762207  32114.49
7316.45986352245  31928.76
7319.28157942284  31638.69
7322.10329532322  31755.36
7324.92501122361  31668.11
7327.74672712399  31544.21
7330.56844302437  31735.96
7333.39015892476  31755.23
7336.21187482514  31515.12
7339.03359072553  31826.08
7341.85530662591  32039.51
7344.67702252629  31883.85
7347.49873842668  31653.35
7350.32045432706  31288.15
7353.14217022744  31186.16
7355.96388612783  31314.6
7358.78560202821  31208.75
7361.6073179286  31309.28
7364.42903382898  31312.72
7367.25074972936  31238.56
7370.07246562975  31018.22
7372.89418153013  31039.91
7375.71589743052  31111.62
7378.5376133309  31068.66
7381.35932923128  31023.47
7384.18104513167  30397.38
7387.00276103205  29869.09
7389.82447693243  30035.41
7392.64619283282  30349.11
7395.4679087332  30377.14
7398.28962463358  30420.56
7401.11134053397  30369.78
7403.93305643435  30099.58
7406.75477233474  29806.31
7409.57648823512  29527.12
7412.3982041355  29877.66
7415.21992003589  29561.55
7418.04163593627  29466.82
7420.86335183666  29460.23
7423.68506773704  29269.36
7426.50678363742  29769.47
7429.32849953781  29865.58
7432.15021543819  29616.82
7434.97193133858  29581.61
7437.79364723896  29576.04
7440.61536313934  29257.16
7443.43707903973  28863.
7446.25879494011  28804.51
7449.08051084049  28809.27
7451.90222674088  29154.63
7454.72394264126  29434.79
7457.54565854165  29358.3
7460.36737444203  28785.47
7463.18909034241  28601.57
7466.0108062428  28858.6
7468.83252214318  28871.51
7471.65423804356  28597.
7474.47595394395  28281.75
7477.29766984433  28147.99
7480.11938574471  28294.73
7482.9411016451  28344.08
7485.76281754548  28379.51
7488.58453344587  28532.3
7491.40624934625  28280.59
7494.22796524663  27882.99
7497.04968114702  27891.56
7499.8713970474  28132.39
7502.69311294779  28109.09
7505.51482884817  27865.52
7508.33654474855  27576.7
7511.15826064894  27360.81
7513.97997654932  27304.89
7516.8016924497  27275.33
7519.62340835009  27282.48
7522.44512425047  27318.19
7525.26684015086  27328.91
7528.08855605124  27244.19
7530.91027195162  27047.65
7533.73198785201  27161.44
7536.55370375239  27353.26
7539.37541965278  27364.31
7542.19713555316  27230.48
7545.01885145354  26923.45
7547.84056735393  26890.43
7550.66228325431  26779.55
7553.48399915469  26522.03
7556.30571505508  26410.56
7559.12743095546  26298.62
7561.94914685585  26286.92
7564.77086275623  26307.78
7567.59257865661  26011.94
7570.414294557  25937.15
7573.23601045738  25820.74
7576.05772635776  25708.39
7578.87944225815  25810.6
7581.70115815853  25732.2
7584.52287405892  25473.37
7587.3445899593  25557.27
7590.16630585969  25262.41
7592.98802176007  22793.3
7595.80973766045  16999.03
7598.63145356083  11216.16
7601.45316946122  7818.441
7604.2748853616  6021.797
7607.09660126199  5705.811
7609.91831716237  6612.856
7612.74003306275  8700.544
7615.56174896314  12337.21
7618.38346486352  16657.9
7621.20518076391  17842.49
7624.02689666429  15128.23
7626.84861256467  12706.64
7629.67032846506  12045.15
7632.49204436544  11898.99
7635.31376026582  12274.28
7638.13547616621  13011.15
7640.95719206659  13610.28
7643.77890796698  14401.1
7646.60062386736  15168.23
7649.42233976774  15966.1
7652.24405566813  16980.3
7655.06577156851  17618.48
7657.8874874689  18389.39
7660.70920336928  18886.87
7663.53091926966  19398.1
7666.35263517005  20159.69
7669.17435107043  20916.5
7671.99606697082  21363.4
7674.8177828712  21870.62
7677.63949877158  21766.73
7680.46121467197  21811.77
7683.28293057235  22074.53
7686.10464647273  22225.57
7688.92636237312  22259.44
7691.7480782735  22190.65
7694.56979417388  22325.86
7697.39151007427  22313.04
7700.21322597465  22342.3
7703.03494187504  22332.45
7705.85665777542  22396.38
7708.6783736758  22225.55
7711.50008957619  21910.83
7714.32180547657  22007.32
7717.14352137696  22114.82
7719.96523727734  22196.84
7722.78695317772  22112.88
7725.60866907811  21886.77
7728.43038497849  22013.22
7731.25210087887  21991.09
7734.07381677926  21872.73
7736.89553267964  21870.11
7739.71724858003  21891.92
7742.53896448041  21869.83
7745.36068038079  21689.17
7748.18239628118  21411.85
7751.00411218156  21400.05
7753.82582808195  21600.9
7756.64754398233  21702.34
7759.46925988271  21791.14
7762.2909757831  21665.17
7765.11269168348  21611.81
7767.93440758386  21500.47
7770.75612348425  20738.66
7773.57783938463  19881.63
7776.39955528501  20220.13
7779.2212711854  21110.33
7782.04298708578  21380.72
7784.86470298617  21447.12
7787.68641888655  21472.76
7790.50813478693  21382.79
7793.32985068732  21283.07
7796.1515665877  21196.59
7798.97328248808  21015.7
7801.79499838847  20874.51
7804.61671428885  21072.16
7807.43843018924  21143.59
7810.26014608962  20930.42
7813.08186199001  20843.48
7815.90357789039  20719.45
7818.72529379077  20767.2
7821.54700969116  20680.72
7824.36872559154  20784.63
7827.19044149192  20726.59
7830.01215739231  20515.43
7832.83387329269  20180.41
7835.65558919308  20009.63
7838.47730509346  19863.09
7841.29902099384  19825.44
7844.12073689423  19813.08
7846.94245279461  19899.95
7849.764168695  19931.42
7852.58588459538  19885.92
7855.40760049576  19874.06
7858.22931639614  19766.47
7861.05103229653  19858.67
7863.87274819691  19660.15
7866.6944640973  19632.43
7869.51617999768  19458.12
7872.33789589806  19399.72
7875.15961179845  19104.42
7877.98132769883  18954.79
7880.80304359922  18879.57
7883.6247594996  19015.41
7886.44647539998  18934.15
7889.26819130037  18927.78
7892.08990720075  18843.63
7894.91162310114  18317.22
7897.73333900152  18207.82
7900.5550549019  18449.89
7903.37677080229  18426.48
7906.19848670267  18267.83
7909.02020260305  18069.07
7911.84191850344  18045.34
7914.66363440382  17974.63
7917.4853503042  17837.29
7920.30706620459  17771.95
7923.12878210497  17823.48
7925.95049800535  17831.25
7928.77221390574  17568.93
7931.59392980613  17445.21
7934.41564570651  17432.94
7937.23736160689  17484.24
7940.05907750728  17517.54
7942.88079340766  17408.72
7945.70250930804  17289.33
7948.52422520843  17264.23
7951.34594110881  17294.9
7954.1676570092  17402.43
7956.98937290958  17278.1
7959.81108880996  17128.26
7962.63280471034  17160.37
7965.45452061073  17025.02
7968.27623651111  17010.32
7971.0979524115  17033.45
7973.91966831188  16954.79
7976.74138421226  16934.78
7979.56310011265  16876.81
7982.38481601303  16847.52
7985.20653191342  16710.99
7988.0282478138  16585.93
7990.84996371418  16621.45
7993.67167961457  16601.03
7996.49339551495  16317.82
7999.31511141534  16309.41
8002.13682731572  16411.23
8004.9585432161  16379.25
8007.78025911649  16043.09
8010.60197501687  16044.21
8013.42369091725  16070.91
8016.24540681764  16088.14
8019.06712271802  15908.56
8021.88883861841  15940.21
8024.71055451879  15691.28
8027.53227041917  15761.94
8030.35398631956  15752.53
8033.17570221994  15621.58
8035.99741812033  15604.89
8038.81913402071  15384.69
8041.64084992109  15486.71
8044.46256582147  15267.18
8047.28428172186  15066.69
8050.10599762224  15205.36
8052.92771352263  15194.93
8055.74942942301  15103.21
8058.5711453234  15227.34
8061.39286122378  15135.6
8064.21457712416  15009.86
8067.03629302455  15015.9
8069.85800892493  14855.7
8072.67972482531  14806.65
8075.5014407257  14778.94
8078.32315662608  14741.05
8081.14487252647  14700.
8083.96658842685  14480.79
8086.78830432723  14432.55
8089.61002022762  14473.69
8092.431736128  14358.28
8095.25345202838  14247.2
8098.07516792877  14239.07
8100.89688382915  14167.14
8103.71859972954  14104.99
8106.54031562992  14142.39
8109.3620315303  14087.1
8112.18374743069  14043.69
8115.00546333107  13913.45
8117.82717923146  13780.27
8120.64889513184  13746.07
8123.47061103222  13662.67
8126.29232693261  13594.68
8129.11404283299  13440.47
8131.93575873337  13207.65
8134.75747463376  13086.52
8137.57919053414  13058.56
8140.40090643453  13029.35
8143.22262233491  12974.89
8146.04433823529  12930.41
8148.86605413568  12775.8
8151.68777003606  12660.3
8154.50948593644  12620.26
8157.33120183683  12350.24
8160.15291773721  12434.82
8162.9746336376  12149.27
8165.79634953798  11743.88
8168.61806543836  11790.46
8171.43978133875  11829.76
8174.26149723913  12134.53
8177.08321313951  11928.89
8179.9049290399  11493.84
8182.72664494028  11302.27
8185.54836084067  11670.6
8188.37007674105  11911.66
8191.19179264143  11641.87
8194.01350854182  11464.
8196.8352244422  11445.09
8199.65694034259  11476.95
8202.47865624297  11514.72
8205.30037214335  11833.08
8208.12208804374  12160.83
8210.94380394412  12025.34
8213.7655198445  11782.2
8216.58723574489  11627.89
8219.40895164527  11566.06
8222.23066754566  11589.29
8225.05238344604  11441.64
8227.87409934642  10838.39
8230.69581524681  10229.77
8233.51753114719  10362.74
8236.33924704757  10837.55
8239.16096294796  11320.09
8241.98267884834  11477.58
8244.80439474873  11395.32
8247.62611064911  11120.5
8250.44782654949  11013.76
8253.26954244988  11275.82
8256.09125835026  11209.35
8258.91297425065  10996.94
8261.73469015103  11104.3
8264.55640605141  11152.6
8267.3781219518  11319.08
8270.19983785218  11317.61
8273.02155375256  11107.39
8275.84326965295  10736.73
8278.66498555333  10589.04
8281.48670145372  10659.7
8284.3084173541  10628.51
8287.13013325448  10621.08
8289.95184915487  10458.14
8292.77356505525  10541.24
8295.59528095563  10545.94
8298.41699685602  10645.93
8301.2387127564  10620.74
8304.06042865679  10512.92
8306.88214455717  10382.25
8309.70386045756  10336.48
8312.52557635794  10403.66
8315.34729225832  10414.63
8318.16900815871  10317.62
8320.99072405909  10125.7
8323.81243995947  9991.37
8326.63415585986  10001.48
8329.45587176024  9992.861
8332.27758766062  9881.71
8335.09930356101  9829.838
8337.92101946139  9848.378
8340.74273536178  10009.23
8343.56445126216  10160.9
8346.38616716254  10101.52
8349.20788306293  10119.64
8352.02959896331  10136.52
8354.85131486369  10052.89
8357.67303076408  10026.62
8360.49474666446  9953.882
8363.31646256485  9875.72
8366.13817846523  9884.593
8368.95989436561  9872.146
8371.78161026599  9911.962
8374.60332616638  9823.281
8377.42504206677  9758.465
8380.24675796715  9692.205
8383.06847386753  9698.318
8385.89018976792  9748.863
8388.7119056683  9537.9
8391.53362156868  9427.74
8394.35533746907  9480.223
8397.17705336945  9589.48
8399.99876926984  9605.012
8402.82048517022  9541.965
8405.6422010706  9538.223
8408.46391697099  9395.305
8411.28563287137  9254.237
8414.10734877175  9268.563
8416.92906467214  9270.891
8419.75078057252  9286.684
8422.57249647291  9262.074
8425.39421237329  9259.316
8428.21592827367  9264.984
8431.03764417406  9220.038
8433.85936007444  9164.701
8436.68107597482  9003.763
8439.50279187521  8860.479
8442.32450777559  8810.006
8445.14622367598  8776.613
8447.96793957636  8558.418
8450.78965547674  8786.104
8453.61137137713  8980.032
8456.43308727751  9053.807
8459.2548031779  8921.658
8462.07651907828  8749.74
8464.89823497866  8537.842
8467.71995087905  8386.382
8470.54166677943  8434.855
8473.36338267981  8552.547
8476.1850985802  8661.532
8479.00681448058  8709.768
8481.82853038097  8674.16
8484.65024628135  8614.811
8487.47196218173  8634.276
8490.29367808212  8608.305
8493.1153939825  8355.891
8495.93710988288  8011.09
8498.75882578327  7540.556
8501.58054168365  7386.547
8504.40225758404  7740.867
8507.22397348442  7921.346
8510.0456893848  8064.649
8512.86740528519  8084.868
8515.68912118557  8074.992
8518.51083708595  8214.791
8521.33255298634  8189.453
8524.15426888672  8249.245
8526.97598478711  8218.757
8529.79770068749  8149.841
8532.61941658787  8022.356
8535.44113248826  7769.945
8538.26284838864  7450.957
8541.08456428903  6625.916
8543.90628018941  5837.452
8546.72799608979  6275.883
8549.54971199018  7053.387
8552.37142789056  7420.062
8555.19314379094  7574.355
8558.01485969133  7549.523
8560.83657559171  7619.013
8563.6582914921  7684.915
8566.48000739248  7792.416
8569.30172329286  7761.564
8572.12343919325  7608.333
8574.94515509363  7600.029
8577.76687099402  7633.206
8580.5885868944  7585.027
8583.41030279478  7468.174
8586.23201869517  7340.529
8589.05373459555  7198.614
8591.87545049593  7140.775
8594.69716639632  6972.501
8597.5188822967  6678.058
8600.34059819708  6418.342
8603.16231409747  6587.845
8605.98402999785  6766.77
8608.80574589824  6903.67
8611.62746179862  6944.635
8614.449177699  7034.588
8617.27089359939  7141.816
8620.09260949977  7128.908
8622.91432540016  7060.402
8625.73604130054  7072.531
8628.55775720092  7093.393
8631.37947310131  7100.878
8634.20118900169  7009.544
8637.02290490208  7051.784
8639.84462080246  7011.317
8642.66633670284  6862.448
8645.48805260323  6799.027
8648.30976850361  6644.633
8651.13148440399  6456.684
8653.95320030438  6380.926
8656.77491620476  6328.947
8659.59663210515  6079.287
8662.41834800553  5327.656
8665.24006390591  4730.764
8668.0617798063  5116.471
8670.88349570668  5565.603
8673.70521160706  5828.994
8676.52692750745  6128.7
8679.34864340783  6123.505
8682.17035930821  6085.741
8684.9920752086  6241.515
8687.81379110898  6343.741
8690.63550700937  6250.597
8693.45722290975  6314.925
8696.27893881014  6323.473
8699.10065471052  6354.254
8701.9223706109  6463.876
8704.74408651129  6450.88
8707.56580241167  6390.953
8710.38751831206  6310.438
8713.20923421244  6231.101
8716.03095011282  6333.288
8718.85266601321  6319.523
8721.67438191359  6188.769
8724.49609781397  6225.515
8727.31781371436  6155.629
8730.13952961474  6037.258
8732.96124551512  6005.438
8735.78296141551  5873.15
8738.60467731589  5677.349
8741.42639321628  5605.336
8744.24810911666  5428.128
8747.06982501704  5272.796
8749.89154091743  4996.767
8752.71325681781  4695.916
8755.5349727182  4766.455
8758.35668861858  5074.407
8761.17840451896  5353.567
8764.00012041935  5490.296
8766.82183631973  5493.075
8769.64355222011  5558.026
8772.4652681205  5648.833
8775.28698402088  5596.925
8778.10869992127  5633.792
8780.93041582165  5715.03
8783.75213172203  5677.612
8786.57384762242  5616.813
8789.3955635228  5654.84
8792.21727942318  5658.871
8795.03899532357  5531.027
8797.86071122395  5524.628
8800.68242712433  5531.427
8803.50414302472  5574.8
8806.3258589251  5410.257
8809.14757482549  5289.649
8811.96929072587  5361.965
8814.79100662626  5451.054
8817.61272252664  5491.037
8820.43443842702  5408.757
8823.25615432741  5301.092
8826.07787022779  5268.558
8828.89958612817  5245.116
8831.72130202856  5202.002
8834.54301792894  5258.534
8837.36473382932  5217.532
8840.18644972971  5077.648
8843.00816563009  5019.46
8845.82988153048  4976.708
8848.65159743086  4875.726
8851.47331333124  4803.277
8854.29502923163  4725.359
8857.11674513201  4576.829
8859.9384610324  4388.604
8862.76017693278  4054.201
8865.58189283316  3758.318
8868.40360873355  3808.916
8871.22532463393  4114.174
8874.04704053431  4384.202
8876.8687564347  4456.796
8879.69047233508  4530.557
8882.51218823547  4528.385
8885.33390413585  4510.645
8888.15562003623  4571.56
8890.97733593662  4660.607
8893.799051837  4654.53
8896.62076773738  4696.992
8899.44248363777  4664.318
8902.26419953815  4610.276
8905.08591543854  4620.423
8907.90763133892  4587.659
8910.7293472393  4601.849
8913.55106313969  4515.308
8916.37277904007  4368.402
8919.19449494045  4472.911
8922.01621084084  4459.385
8924.83792674122  4457.427
8927.65964264161  4376.2
8930.48135854199  4205.616
8933.30307444237  4290.943
8936.12479034276  4303.216
8938.94650624314  4322.425
8941.76822214353  4356.924
8944.58993804391  4337.002
8947.41165394429  4277.308
8950.23336984468  4125.731
8953.05508574506  4080.148
8955.87680164545  4119.593
8958.69851754583  4067.37
8961.52023344621  3982.069
8964.3419493466  3923.429
8967.16366524698  3833.328
8969.98538114736  3726.416
8972.80709704775  3698.983
8975.62881294813  3700.69
8978.45052884851  3619.622
8981.2722447489  3650.486
8984.09396064928  3720.383
8986.91567654967  3609.596
8989.73739245005  3827.676
