3201.3941000406  786.1435
3204.21943330934  247.1327
3207.04476657807  133.0475
3209.8700998468  157.6877
3212.69543311553  126.58
3215.52076638427  137.4797
3218.346099653  133.1991
3221.17143292173  148.9848
3223.99676619046  136.2945
3226.8220994592  101.937
3229.64743272793  96.24861
3232.47276599666  107.5916
3235.29809926539  109.234
3238.12343253413  139.257
3240.94876580286  162.2379
3243.77409907159  162.267
3246.59943234033  191.4535
3249.42476560906  182.7747
3252.25009887779  168.9492
3255.07543214652  219.6501
3257.90076541526  249.9561
3260.72609868399  279.5351
3263.55143195272  282.3011
3266.37676522145  267.5905
3269.20209849019  268.658
3272.02743175892  237.7009
3274.85276502765  209.7279
3277.67809829638  236.9209
3280.50343156512  232.6572
3283.32876483385  238.1073
3286.15409810258  260.5791
3288.97943137131  321.7437
3291.80476464005  388.3329
3294.63009790878  408.2254
3297.45543117751  422.3122
3300.28076444624  402.1006
3303.10609771498  343.9792
3305.93143098371  316.9133
3308.75676425244  306.7158
3311.58209752117  303.9902
3314.40743078991  305.3253
3317.23276405864  301.7215
3320.05809732737  301.6576
3322.88343059611  316.9175
3325.70876386484  307.9524
3328.53409713357  306.5233
3331.3594304023  351.5721
3334.18476367104  333.1509
3337.01009693977  297.9711
3339.8354302085  318.0654
3342.66076347723  323.5502
3345.48609674597  333.4462
3348.3114300147  326.6732
3351.13676328343  351.7388
3353.96209655216  417.5013
3356.7874298209  366.6039
3359.61276308963  301.7451
3362.43809635836  298.1465
3365.26342962709  314.0503
3368.08876289583  293.6631
3370.91409616456  290.8045
3373.73942943329  351.7347
3376.56476270202  409.7884
3379.39009597076  397.0344
3382.21542923949  382.7398
3385.04076250822  408.2251
3387.86609577696  405.4541
3390.69142904569  390.3232
3393.51676231442  390.3105
3396.34209558315  481.6329
3399.16742885189  589.0208
3401.99276212062  551.1443
3404.81809538935  507.2226
3407.64342865808  446.2173
3410.46876192682  415.3903
3413.29409519555  450.6222
3416.11942846428  498.3934
3418.94476173301  543.1684
3421.77009500175  568.0665
3424.59542827048  583.5742
3427.42076153921  637.7961
3430.24609480794  686.8188
3433.07142807668  648.9451
3435.89676134541  595.1227
3438.72209461414  507.3064
3441.54742788288  399.6716
3444.37276115161  393.8477
3447.19809442034  503.8599
3450.02342768907  595.3809
3452.84876095781  610.5878
3455.67409422654  553.952
3458.49942749527  547.3069
3461.324760764  529.4691
3464.15009403274  588.8817
3466.97542730147  655.6993
3469.8007605702  690.1486
3472.62609383893  675.5648
3475.45142710767  552.5432
3478.2767603764  536.1871
3481.10209364513  578.1844
3483.92742691386  630.4255
3486.7527601826  708.5061
3489.57809345133  646.3507
3492.40342672006  593.9395
3495.22875998879  591.8537
3498.05409325753  649.4119
3500.87942652626  800.0279
3503.70475979499  828.4131
3506.53009306372  771.4187
3509.35542633246  706.829
3512.18075960119  660.7747
3515.00609286992  736.9125
3517.83142613865  805.9563
3520.65675940739  744.0626
3523.48209267612  660.4393
3526.30742594485  695.232
3529.13275921359  780.7043
3531.95809248232  799.7507
3534.78342575105  807.0753
3537.60875901978  898.5927
3540.43409228852  952.2784
3543.25942555725  893.2311
3546.08475882598  854.5688
3548.91009209471  858.5754
3551.73542536345  860.0574
3554.56075863218  846.1844
3557.38609190091  829.4427
3560.21142516964  846.6605
3563.03675843838  822.2703
3565.86209170711  709.3977
3568.68742497584  640.233
3571.51275824457  683.3647
3574.33809151331  701.6921
3577.16342478204  671.5915
3579.98875805077  639.114
3582.8140913195  574.0671
3585.63942458824  552.2976
3588.46475785697  587.7306
3591.2900911257  738.5932
3594.11542439444  899.012
3596.94075766317  1081.047
3599.7660909319  1152.249
3602.59142420063  1082.796
3605.41675746937  939.9113
3608.2420907381  850.7209
3611.06742400683  835.4019
3613.89275727556  897.7646
3616.7180905443  950.5671
3619.54342381303  978.5966
3622.36875708176  1112.61
3625.19409035049  1385.865
3628.01942361923  1380.681
3630.84475688796  1172.816
3633.67009015669  1019.611
3636.49542342542  1200.717
3639.32075669416  1404.583
3642.14608996289  1371.985
3644.97142323162  1211.712
3647.79675650035  1146.792
3650.62208976909  1226.226
3653.44742303782  1428.402
3656.27275630655  1621.462
3659.09808957529  1680.462
3661.92342284402  1588.796
3664.74875611275  1520.702
3667.57408938148  1472.811
3670.39942265022  1476.424
3673.22475591895  1555.406
3676.05008918768  1666.306
3678.87542245641  1576.897
3681.70075572515  1508.49
3684.52608899388  1494.061
3687.35142226261  1455.618
3690.17675553134  1597.727
3693.00208880008  1816.028
3695.82742206881  1844.31
3698.65275533754  1899.879
3701.47808860627  1831.162
3704.30342187501  1595.031
3707.12875514374  1406.525
3709.95408841247  1594.883
3712.7794216812  1959.132
3715.60475494994  2113.119
3718.43008821867  1904.608
3721.2554214874  1611.708
3724.08075475614  1616.974
3726.90608802487  1721.126
3729.7314212936  1595.633
3732.55675456233  1404.011
3735.38208783107  1266.549
3738.2074210998  1407.713
3741.03275436853  1652.624
3743.85808763726  1556.847
3746.683420906  1344.76
3749.50875417473  1269.736
3752.33408744346  1505.321
3755.15942071219  1778.9
3757.98475398093  1627.222
3760.81008724966  1380.489
3763.63542051839  1475.901
3766.46075378712  1657.288
3769.28608705586  1718.393
3772.11142032459  1832.422
3774.93675359332  1935.351
3777.76208686205  1918.282
3780.58742013079  1994.112
3783.41275339952  2003.625
3786.23808666825  1786.29
3789.06341993698  1499.667
3791.88875320572  1377.656
3794.71408647445  1407.337
3797.53941974318  1464.666
3800.36475301191  1589.963
3803.19008628065  1797.557
3806.01541954938  1864.315
3808.84075281811  1708.321
3811.66608608685  1634.625
3814.49141935558  1544.467
3817.31675262431  1328.884
3820.14208589304  1214.081
3822.96741916178  1180.346
3825.79275243051  1130.057
3828.61808569924  1151.085
3831.44341896797  1193.856
3834.26875223671  1123.409
3837.09408550544  1118.254
3839.91941877417  1212.924
3842.7447520429  1307.996
3845.57008531164  1422.346
3848.39541858037  1420.905
3851.2207518491  1352.755
3854.04608511784  1328.41
3856.87141838657  1293.042
3859.6967516553  1243.932
3862.52208492403  1266.649
3865.34741819277  1337.27
3868.1727514615  1280.112
3870.99808473023  1223.535
3873.82341799896  1294.367
3876.6487512677  1371.534
3879.47408453643  1387.145
3882.29941780516  1474.441
3885.12475107389  1741.916
3887.95008434263  1948.67
3890.77541761136  2085.406
3893.60075088009  2307.92
3896.42608414882  2362.41
3899.25141741756  2324.691
3902.07675068629  2327.31
3904.90208395502  2257.507
3907.72741722375  2180.973
3910.55275049249  2227.267
3913.37808376122  2278.08
3916.20341702995  2112.603
3919.02875029868  1818.319
3921.85408356742  1612.937
3924.67941683615  1441.715
3927.50475010488  1163.381
3930.33008337362  919.5892
3933.15541664235  738.3064
3935.98074991108  760.1967
3938.80608317981  977.0247
3941.63141644855  1274.497
3944.45674971728  1516.159
3947.28208298601  1729.187
3950.10741625474  1905.941
3952.93274952348  2047.684
3955.75808279221  2110.647
3958.58341606094  1936.428
3961.40874932967  1665.683
3964.23408259841  1296.681
3967.05941586714  975.0505
3969.88474913587  934.2991
3972.7100824046  1161.468
3975.53541567334  1625.271
3978.36074894207  2148.851
3981.1860822108  2547.199
3984.01141547953  2772.078
3986.83674874827  2993.437
3989.662082017  3213.348
3992.48741528573  3235.728
3995.31274855446  3210.298
3998.1380818232  3292.367
4000.96341509193  3629.211
4003.78874836066  3817.623
4006.6140816294  3623.493
4009.43941489813  3682.731
4012.26474816686  4050.425
4015.09008143559  4213.929
4017.91541470433  4281.155
4020.74074797306  4201.164
4023.56608124179  4056.339
4026.39141451052  4176.185
4029.21674777926  4332.121
4032.04208104799  4113.152
4034.86741431672  3976.829
4037.69274758546  4344.801
4040.51808085419  4502.766
4043.34341412292  4245.08
4046.16874739165  4021.616
4048.99408066038  4234.574
4051.81941392912  4448.787
4054.64474719785  4220.795
4057.47008046658  4082.666
4060.29541373532  4126.479
4063.12074700405  4129.486
4065.94608027278  4082.89
4068.77141354151  4181.366
4071.59674681025  4363.198
4074.42208007898  4132.273
4077.24741334771  3755.958
4080.07274661644  3791.194
4082.89807988518  4402.118
4085.72341315391  4732.706
4088.54874642264  4986.387
4091.37407969137  5558.999
4094.19941296011  5594.974
4097.02474622884  5289.564
4099.85007949757  4844.953
4102.6754127663  4571.999
4105.50074603504  4902.971
4108.32607930377  5139.605
4111.1514125725  4872.813
4113.97674584123  4882.232
4116.80207910997  4991.83
4119.6274123787  4822.439
4122.45274564743  4543.227
4125.27807891616  4534.775
4128.1034121849  4547.987
4130.92874545363  4449.185
4133.75407872236  4541.062
4136.5794119911  4864.469
4139.40474525983  5247.816
4142.23007852856  4976.102
4145.05541179729  4516.221
4147.88074506603  4708.747
4150.70607833476  4763.772
4153.53141160349  4634.586
4156.35674487222  4771.089
4159.18207814096  5040.434
4162.00741140969  5281.194
4164.83274467842  5449.047
4167.65807794715  5229.212
4170.48341121588  4870.732
4173.30874448462  4382.72
4176.13407775335  3965.727
4178.95941102209  4121.074
4181.78474429082  4393.463
4184.61007755955  4806.842
4187.43541082828  5006.95
4190.26074409701  4950.962
4193.08607736575  4976.788
4195.91141063448  4864.325
4198.73674390321  4488.884
4201.56207717194  4470.008
4204.38741044068  4672.095
4207.21274370941  4975.409
4210.03807697814  5500.754
4212.86341024688  5723.764
4215.68874351561  5720.304
4218.51407678434  6036.689
4221.33941005307  6647.322
4224.16474332181  5985.631
4226.99007659054  5267.691
4229.81540985927  5647.727
4232.640743128  6212.608
4235.46607639674  5765.801
4238.29140966547  5785.248
4241.1167429342  6211.928
4243.94207620293  6601.386
4246.76740947167  6514.461
4249.5927427404  6116.128
4252.41807600913  6273.021
4255.24340927787  6363.357
4258.0687425466  6352.222
4260.89407581533  6454.585
4263.71940908406  6982.492
4266.54474235279  7447.484
4269.37007562153  7047.123
4272.19540889026  6205.55
4275.02074215899  6185.699
4277.84607542773  7026.894
4280.67140869646  7203.825
4283.49674196519  6665.57
4286.32207523392  6279.179
4289.14740850266  5749.121
4291.97274177139  5565.72
4294.79807504012  5771.573
4297.62340830885  5604.927
4300.44874157759  4907.219
4303.27407484632  4600.126
4306.09940811505  4932.082
4308.92474138378  5382.804
4311.75007465252  6155.565
4314.57540792125  7089.339
4317.40074118998  8041.562
4320.22607445871  8684.291
4323.05140772745  8315.396
4325.87674099618  7637.095
4328.70207426491  8027.013
4331.52740753364  8793.953
4334.35274080238  8720.714
4337.17807407111  8000.921
4340.00340733984  6766.546
4342.82874060858  6923.146
4345.65407387731  8224.551
4348.47940714604  8749.72
4351.30474041477  8674.38
4354.13007368351  8660.203
4356.95540695224  9272.434
4359.78074022097  9469.748
4362.6060734897  9561.517
4365.43140675844  9816.632
4368.25674002717  9427.948
4371.0820732959  8677.391
4373.90740656463  8413.8
4376.73273983337  8354.051
4379.5580731021  8977.227
4382.38340637083  8337.757
4385.20873963956  7108.44
4388.0340729083  7187.408
4390.85940617703  7837.165
4393.68473944576  8075.568
4396.51007271449  8244.447
4399.33540598323  8323.552
4402.16073925196  8152.716
4404.98607252069  8294.23
4407.81140578943  8086.935
4410.63673905816  8341.923
4413.46207232689  8984.416
4416.28740559562  8652.1
4419.11273886436  8376.916
4421.93807213309  8928.018
4424.76340540182  9152.479
4427.58873867055  9270.655
4430.41407193929  9039.421
4433.23940520802  8637.442
4436.06473847675  8805.416
4438.89007174548  9404.356
4441.71540501422  9536.524
4444.54073828295  8757.019
4447.36607155168  9136.29
4450.19140482041  9818.813
4453.01673808915  9257.832
4455.84207135788  8538.874
4458.66740462661  8094.34
4461.49273789534  8217.124
4464.31807116408  8561.705
4467.14340443281  8897.961
4469.96873770154  9165.757
4472.79407097027  10245.44
4475.61940423901  11813.52
4478.44473750774  11998.46
4481.27007077647  10896.44
4484.0954040452  10413.5
4486.92073731394  11052.23
4489.74607058267  10743.12
4492.5714038514  10209.82
4495.39673712014  10397.59
4498.22207038887  10637.85
4501.0474036576  11661.09
4503.87273692633  12832.88
4506.69807019507  13347.01
4509.5234034638  12778.58
4512.34873673253  12117.82
4515.17407000126  11647.26
4517.99940327  11184.62
4520.82473653873  11155.64
4523.65006980746  10847.96
4526.47540307619  10096.84
4529.30073634493  9672.531
4532.12606961366  9829.577
4534.95140288239  10112.
4537.77673615113  10601.4
4540.60206941986  11070.18
4543.42740268859  10850.67
4546.25273595732  10692.28
4549.07806922605  10562.54
4551.90340249479  10205.26
4554.72873576352  10108.36
4557.55406903225  10573.14
4560.37940230099  11448.81
4563.20473556972  11409.58
4566.03006883845  10987.72
4568.85540210718  11547.39
4571.68073537592  12103.75
4574.50606864465  11993.89
4577.33140191338  11983.
4580.15673518211  11159.37
4582.98206845085  10510.78
4585.80740171958  10975.25
4588.63273498831  11664.6
4591.45806825705  11553.35
4594.28340152578  11051.29
4597.10873479451  10998.52
4599.93406806324  11443.13
4602.75940133197  11740.09
4605.58473460071  12118.01
4608.41006786944  13167.74
4611.23540113817  14043.76
4614.0607344069  13762.66
4616.88606767564  13440.34
4619.71140094437  13671.51
4622.5367342131  14087.47
4625.36206748184  14271.72
4628.18740075057  13931.62
4631.0127340193  13670.09
4633.83806728803  13530.51
4636.66340055677  13069.27
4639.4887338255  12716.42
4642.31406709423  12971.88
4645.13940036296  12780.08
4647.9647336317  11986.36
4650.79006690043  12258.02
4653.61540016916  12968.04
4656.44073343789  12748.92
4659.26606670663  13221.57
4662.09139997536  13829.82
4664.91673324409  12630.27
4667.74206651282  11304.38
4670.56739978156  11560.34
4673.39273305029  13061.82
4676.21806631902  14165.48
4679.04339958776  14086.13
4681.86873285649  13495.52
4684.69406612522  13683.25
4687.51939939395  14324.4
4690.34473266269  14442.71
4693.17006593142  14655.32
4695.99539920015  15198.96
4698.82073246888  14786.26
4701.64606573762  13771.73
4704.47139900635  13432.59
4707.29673227508  13434.46
4710.12206554381  13409.21
4712.94739881255  14481.77
4715.77273208128  14984.38
4718.59806535001  15525.57
4721.42339861875  16315.86
4724.24873188748  16414.54
4727.07406515621  15858.08
4729.89939842494  14775.99
4732.72473169368  14780.97
4735.55006496241  15624.22
4738.37539823114  16122.28
4741.20073149987  16435.02
4744.0260647686  16668.53
4746.85139803734  17236.36
4749.67673130607  17746.38
4752.5020645748  17565.71
4755.32739784353  17122.72
4758.15273111227  16737.12
4760.978064381  16827.42
4763.80339764973  16186.97
4766.62873091847  15718.49
4769.4540641872  17171.74
4772.27939745593  18873.41
4775.10473072466  19400.03
4777.9300639934  20239.33
4780.75539726213  19937.12
4783.58073053086  19015.16
4786.40606379959  18260.92
4789.23139706833  17997.99
4792.05673033706  18710.96
4794.88206360579  19855.52
4797.70739687452  20022.83
4800.53273014326  19203.73
4803.35806341199  19436.7
4806.18339668072  19503.06
4809.00872994946  18833.59
4811.83406321819  19467.64
4814.65939648692  20444.43
4817.48472975565  21250.53
4820.31006302439  21452.41
4823.13539629312  21051.94
4825.96072956185  20477.8
4828.78606283058  20581.76
4831.61139609931  20650.09
4834.43672936805  20381.55
4837.26206263678  20592.06
4840.08739590551  20453.54
4842.91272917425  20353.75
4845.73806244298  20466.67
4848.56339571171  20416.56
4851.38872898044  20062.62
4854.21406224918  19753.25
4857.03939551791  18077.38
4859.86472878664  16847.24
4862.69006205537  15147.79
4865.51539532411  16774.74
4868.34072859284  18740.18
4871.16606186157  19011.05
4873.99139513031  18250.25
4876.81672839904  19294.84
4879.64206166777  21215.09
4882.4673949365  21210.46
4885.29272820523  19361.38
4888.11806147397  19054.88
4890.9433947427  19910.18
4893.76872801143  21683.81
4896.59406128017  24548.1
4899.4193945489  24321.56
4902.24472781763  22935.33
4905.07006108636  23108.64
4907.8953943551  23059.13
4910.72072762383  21657.77
4913.54606089256  21007.96
4916.37139416129  22068.9
4919.19672743003  20639.24
4922.02206069876  18522.56
4924.84739396749  19595.62
4927.67272723622  22007.42
4930.49806050496  24543.92
4933.32339377369  23738.06
4936.14872704242  21406.43
4938.97406031116  21102.11
4941.79939357989  22776.62
4944.62472684862  24890.88
4947.45006011735  24927.19
4950.27539338608  25377.29
4953.10072665482  25903.38
4955.92605992355  25200.26
4958.75139319228  24239.48
4961.57672646102  24822.96
4964.40205972975  25496.28
4967.22739299848  24393.23
4970.05272626721  24015.04
4972.87805953595  24985.14
4975.70339280468  26236.72
4978.52872607341  24901.03
4981.35405934214  22117.82
4984.17939261088  19881.37
4987.00472587961  20937.12
4989.83005914834  23373.4
4992.65539241707  23592.4
4995.48072568581  23415.64
4998.30605895454  23323.97
5001.13139222327  22295.52
5003.95672549201  21449.29
5006.78205876074  21716.94
5009.60739202947  22604.28
5012.4327252982  22071.76
5015.25805856694  20049.33
5018.08339183567  20489.1
5020.9087251044  21459.74
5023.73405837313  23144.8
5026.55939164187  24390.94
5029.3847249106  25412.71
5032.21005817933  26561.92
5035.03539144806  26355.93
5037.8607247168  23956.84
5040.68605798553  22262.42
5043.51139125426  23526.81
5046.33672452299  27740.11
5049.16205779173  27972.65
5051.98739106046  26242.28
5054.81272432919  28200.37
5057.63805759792  30805.24
5060.46339086666  30738.96
5063.28872413539  30067.92
5066.11405740412  28007.03
5068.93939067285  26960.82
5071.76472394159  27610.75
5074.59005721032  27325.22
5077.41539047905  26119.47
5080.24072374779  24354.15
5083.06605701652  24491.76
5085.89139028525  27371.04
5088.71672355398  28806.47
5091.54205682272  29685.07
5094.36739009145  30567.85
5097.19272336018  29237.29
5100.01805662891  26723.61
5102.84338989765  27502.56
5105.66872316638  28390.75
5108.49405643511  27441.77
5111.31938970384  27707.42
5114.14472297258  29331.42
5116.97005624131  30772.48
5119.79538951004  31051.9
5122.62072277878  28822.48
5125.44605604751  26132.77
5128.27138931624  26116.3
5131.09672258497  26951.71
5133.9220558537  28203.81
5136.74738912244  29905.46
5139.57272239117  29014.62
5142.3980556599  27885.96
5145.22338892864  27110.45
5148.04872219737  27051.27
5150.8740554661  27959.07
5153.69938873483  28065.38
5156.52472200357  29150.1
5159.3500552723  31393.06
5162.17538854103  31435.08
5165.00072180976  28573.19
5167.8260550785  24243.49
5170.65138834723  22842.2
5173.47672161596  25846.18
5176.30205488469  29046.48
5179.12738815343  32396.98
5181.95272142216  31032.95
5184.77805469089  28165.81
5187.60338795962  28022.6
5190.42872122836  29682.71
5193.25405449709  28094.33
5196.07938776582  26848.52
5198.90472103455  28632.3
5201.73005430329  30470.15
5204.55538757202  30181.18
5207.38072084075  28539.74
5210.20605410949  29597.2
5213.03138737822  31307.49
5215.85672064695  31015.64
5218.68205391568  30571.48
5221.50738718442  31877.01
5224.33272045315  30830.67
5227.15805372188  27462.76
5229.98338699061  28906.69
5232.80872025935  31825.68
5235.63405352808  31208.31
5238.45938679681  33299.56
5241.28472006554  35500.61
5244.11005333428  35241.23
5246.93538660301  33721.96
5249.76071987174  30394.6
5252.58605314047  29747.62
5255.41138640921  31679.28
5258.23671967794  33792.31
5261.06205294667  33515.17
5263.8873862154  28625.37
5266.71271948414  25752.
5269.53805275287  27476.19
5272.3633860216  28316.12
5275.18871929033  30702.83
5278.01405255907  33049.69
5280.8393858278  34948.59
5283.66471909653  34159.18
5286.49005236527  35585.51
5289.315385634  39090.98
5292.14071890273  38664.68
5294.96605217146  36051.14
5297.7913854402  33839.84
5300.61671870893  32801.08
5303.44205197766  35408.07
5306.26738524639  37536.05
5309.09271851513  38880.32
5311.91805178386  39317.77
5314.74338505259  38503.93
5317.56871832132  36805.49
5320.39405159006  36263.71
5323.21938485879  36198.36
5326.04471812752  34448.4
5328.87005139626  32724.85
5331.69538466499  33495.55
5334.52071793372  37083.75
5337.34605120245  37057.69
5340.17138447118  36606.08
5342.99671773992  37154.
5345.82205100865  38317.7
5348.64738427738  37399.92
5351.47271754611  37965.69
5354.29805081485  40999.16
5357.12338408358  43670.44
5359.94871735231  43248.9
5362.77405062104  40533.54
5365.59938388978  38522.61
5368.42471715851  37445.97
5371.25005042724  36331.32
5374.07538369598  38983.23
5376.90071696471  42278.05
5379.72605023344  41250.34
5382.55138350217  39673.51
5385.37671677091  40173.27
5388.20205003964  40305.6
5391.02738330837  38896.1
5393.8527165771  37277.14
5396.67804984584  36113.42
5399.50338311457  36275.63
5402.3287163833  37659.12
5405.15404965204  35849.26
5407.97938292077  34224.25
5410.8047161895  36418.43
5413.63004945823  38993.54
5416.45538272697  40389.46
5419.2807159957  40961.14
5422.10604926443  39728.96
5424.93138253316  39427.68
5427.7567158019  40128.15
5430.58204907063  39297.74
5433.40738233936  37262.08
5436.23271560809  37855.17
5439.05804887683  41592.19
5441.88338214556  45352.69
5444.70871541429  43027.84
5447.53404868302  40744.81
5450.35938195176  42149.33
5453.18471522049  43977.86
5456.01004848922  41951.58
5458.83538175795  42292.47
5461.66071502669  43520.51
5464.48604829542  41699.25
5467.31138156415  42413.46
5470.13671483289  42900.75
5472.96204810162  40771.96
5475.78738137035  38281.33
5478.61271463908  38377.45
5481.43804790781  39804.93
5484.26338117655  41378.73
5487.08871444528  42434.92
5489.91404771401  42468.77
5492.73938098275  42604.24
5495.56471425148  43001.36
5498.39004752021  43320.03
5501.21538078894  43721.25
5504.04071405768  42331.2
5506.86604732641  41277.07
5509.69138059514  41240.04
5512.51671386387  40881.86
5515.34204713261  41963.3
5518.16738040134  44584.2
5520.99271367007  45871.8
5523.8180469388  44290.63
5526.64338020754  42742.34
5529.46871347627  42242.96
5532.294046745  43738.27
5535.11938001373  43476.48
5537.94471328247  44019.55
5540.7700465512  45621.12
5543.59537981993  46078.93
5546.42071308867  44533.34
5549.2460463574  46094.47
5552.07137962613  47662.42
5554.89671289486  46486.59
5557.7220461636  46346.8
5560.54737943233  46164.22
5563.37271270106  45309.89
5566.19804596979  44214.3
5569.02337923853  44264.75
5571.84871250726  44480.54
5574.67404577599  45182.82
5577.49937904472  45953.81
5580.32471231346  46241.79
5583.15004558219  46067.35
5585.97537885092  43620.59
5588.80071211965  40071.96
5591.62604538839  40355.75
5594.45137865712  43402.05
5597.27671192585  44859.83
5600.10204519458  44177.85
5602.92737846332  42367.48
5605.75271173205  45753.02
5608.57804500078  49500.38
5611.40337826951  49163.19
5614.22871153825  46867.85
5617.05404480698  44023.49
5619.87937807571  44097.96
5622.70471134444  45752.45
5625.53004461318  44634.42
5628.35537788191  45806.06
5631.18071115064  49539.52
5634.00604441938  49084.66
5636.83137768811  45877.04
5639.65671095684  44252.87
5642.48204422557  44276.9
5645.30737749431  46239.73
5648.13271076304  47666.52
5650.95804403177  46764.95
5653.7833773005  45993.68
5656.60871056924  43739.02
5659.43404383797  40562.59
5662.2593771067  42363.98
5665.08471037543  44192.25
5667.91004364417  44817.7
5670.7353769129  45331.74
5673.56071018163  48643.2
5676.38604345036  49714.36
5679.2113767191  48529.25
5682.03670998783  46509.2
5684.86204325656  44162.77
5687.6873765253  44309.85
5690.51270979403  45196.63
5693.33804306276  48053.1
5696.16337633149  47996.56
5698.98870960023  46930.06
5701.81404286896  44149.43
5704.63937613769  42848.49
5707.46470940642  42586.14
5710.29004267516  40695.37
5713.11537594389  42258.37
5715.94070921262  46497.38
5718.76604248135  49010.85
5721.59137575009  49983.63
5724.41670901882  50784.66
5727.24204228755  49936.1
5730.06737555628  48643.73
5732.89270882502  49174.11
5735.71804209375  50044.14
5738.54337536248  50501.41
5741.36870863122  49017.96
5744.19404189995  48727.1
5747.01937516868  49011.08
5749.84470843741  48200.6
5752.67004170615  46474.91
5755.49537497488  46118.66
5758.32070824361  48301.95
5761.14604151234  48122.07
5763.97137478107  47663.09
5766.79670804981  50720.99
5769.62204131854  50961.39
5772.44737458727  49801.09
5775.27270785601  49699.98
5778.09804112474  49279.25
5780.92337439347  45961.51
5783.7487076622  43332.79
5786.57404093094  44879.26
5789.39937419967  48004.7
5792.2247074684  48356.94
5795.05004073713  48571.56
5797.87537400587  48381.12
5800.7007072746  48928.93
5803.52604054333  49248.78
5806.35137381206  47197.84
5809.1767070808  47440.05
5812.00204034953  49328.03
5814.82737361826  49307.3
5817.652706887  49102.18
5820.47804015573  51052.32
5823.30337342446  51492.1
5826.12870669319  51072.02
5828.95403996193  51552.01
5831.77937323066  51652.92
5834.60470649939  50894.97
5837.43003976812  50848.95
5840.25537303686  51793.51
5843.08070630559  52335.48
5845.90603957432  50802.37
5848.73137284305  49589.59
5851.55670611178  48785.5
5854.38203938052  46704.73
5857.20737264925  45720.37
5860.03270591798  46696.06
5862.85803918672  48309.39
5865.68337245545  49350.21
5868.50870572418  50618.7
5871.33403899292  51406.05
5874.15937226165  51396.59
5876.98470553038  51250.79
5879.81003879911  50108.28
5882.63537206785  49178.
5885.46070533658  48760.36
5888.28603860531  45794.25
5891.11137187404  41088.43
5893.93670514278  41328.41
5896.76203841151  43222.93
5899.58737168024  45898.61
5902.41270494897  49557.89
5905.23803821771  49762.93
5908.06337148644  50102.17
5910.88870475517  50065.31
5913.7140380239  49295.46
5916.53937129264  48388.24
5919.36470456137  49950.5
5922.1900378301  51191.35
5925.01537109883  51353.
5927.84070436757  50216.77
5930.6660376363  48308.16
5933.49137090503  48985.59
5936.31670417376  49404.96
5939.1420374425  50598.47
5941.96737071123  50181.9
5944.79270397996  50392.21
5947.61803724869  50306.98
5950.44337051743  48868.55
5953.26870378616  48877.84
5956.09403705489  49019.93
5958.91937032363  49248.09
5961.74470359236  51029.86
5964.57003686109  51284.5
5967.39537012982  51336.12
5970.22070339856  52468.92
5973.04603666729  52399.17
5975.87136993602  50147.93
5978.69670320475  48651.92
5981.52203647349  49752.32
5984.34736974222  48914.88
5987.17270301095  47994.12
5989.99803627968  49428.72
5992.82336954842  49654.54
5995.64870281715  50388.04
5998.47403608588  49546.15
6001.29936935461  49769.25
6004.12470262335  49468.84
6006.95003589208  47878.8
6009.77536916081  47470.67
6012.60070242954  48836.67
6015.42603569828  48758.42
6018.25136896701  48370.03
6021.07670223574  47787.14
6023.90203550447  47845.05
6026.72736877321  49264.78
6029.55270204194  50417.69
6032.37803531067  51559.7
6035.20336857941  52163.92
6038.02870184814  52142.64
6040.85403511687  51988.04
6043.6793683856  51246.5
6046.50470165434  52023.84
6049.33003492307  52322.45
6052.1553681918  51467.38
6054.98070146053  50534.27
6057.80603472927  50661.31
6060.631367998  51664.55
6063.45670126673  50732.06
6066.28203453546  49617.98
6069.1073678042  51841.79
6071.93270107293  53646.12
6074.75803434166  52936.48
6077.58336761039  51423.27
6080.40870087913  49388.94
6083.23403414786  48350.69
6086.05936741659  48270.96
6088.88470068533  48878.52
6091.71003395406  48772.85
6094.53536722279  49683.22
6097.36070049152  50840.14
6100.18603376025  49744.43
6103.01136702899  47680.68
6105.83670029772  48208.
6108.66203356645  49981.16
6111.48736683519  50409.66
6114.31270010392  49948.43
6117.13803337265  50331.93
6119.96336664138  49964.81
6122.78869991012  48925.05
6125.61403317885  49135.85
6128.43936644758  49015.21
6131.26469971632  48861.47
6134.09003298505  48632.53
6136.91536625378  44941.91
6139.74069952251  43464.41
6142.56603279124  46975.76
6145.39136605998  48187.55
6148.21669932871  49073.86
6151.04203259744  48084.13
6153.86736586617  48998.31
6156.69269913491  48746.04
6159.51803240364  46994.33
6162.34336567237  44581.54
6165.1686989411  44500.56
6167.99403220984  46925.4
6170.81936547857  46856.32
6173.6446987473  47353.01
6176.47003201604  48524.52
6179.29536528477  49454.65
6182.1206985535  50643.75
6184.94603182223  50912.67
6187.77136509097  49247.37
6190.5966983597  47930.13
6193.42203162843  48635.6
6196.24736489716  50783.33
6199.0726981659  51433.96
6201.89803143463  50636.77
6204.72336470336  51542.71
6207.54869797209  52719.84
6210.37403124083  52040.18
6213.19936450956  49368.38
6216.02469777829  47170.86
6218.85003104702  47473.39
6221.67536431576  48061.93
6224.50069758449  49705.49
6227.32603085322  49552.54
6230.15136412196  47032.4
6232.97669739069  46862.26
6235.80203065942  49581.27
6238.62736392815  48488.09
6241.45269719689  45978.34
6244.27803046562  45374.15
6247.10336373435  44924.01
6249.92869700308  46802.68
6252.75403027182  46083.26
6255.57936354055  43912.94
6258.40469680928  44042.64
6261.23003007801  46485.91
6264.05536334675  48218.25
6266.88069661548  48873.03
6269.70602988421  49287.5
6272.53136315295  49148.89
6275.35669642168  50014.92
6278.18202969041  48546.18
6281.00736295914  46386.76
6283.83269622787  48002.04
6286.65802949661  51304.53
6289.48336276534  51453.25
6292.30869603407  50266.31
6295.1340293028  49318.4
6297.95936257154  47858.23
6300.78469584027  46116.71
6303.610029109  46481.07
6306.43536237774  49677.08
6309.26069564647  50315.99
6312.0860289152  48276.95
6314.91136218393  46867.15
6317.73669545267  45183.29
6320.5620287214  45789.17
6323.38736199013  48394.2
6326.21269525886  51063.26
6329.0380285276  51707.51
6331.86336179633  50380.29
6334.68869506506  48906.26
6337.51402833379  47386.56
6340.33936160253  48268.05
6343.16469487126  49524.89
6345.99002813999  49763.02
6348.81536140872  51330.36
6351.64069467746  52126.64
6354.46602794619  51105.96
6357.29136121492  49122.5
6360.11669448366  47844.82
6362.94202775239  47512.17
6365.76736102112  49237.18
6368.59269428985  50814.51
6371.41802755859  51305.64
6374.24336082732  52362.07
6377.06869409605  52625.47
6379.89402736478  51975.33
6382.71936063352  51965.16
6385.54469390225  51947.9
6388.37002717098  52190.93
6391.19536043971  50945.59
6394.02069370845  49021.39
6396.84602697718  50026.26
6399.67136024591  50310.45
6402.49669351464  50200.
6405.32202678338  51737.38
6408.14736005211  50623.5
6410.97269332084  49600.69
6413.79802658957  49919.93
6416.62335985831  50011.9
6419.44869312704  49341.33
6422.27402639577  49004.02
6425.0993596645  51564.61
6427.92469293324  52004.23
6430.75002620197  49317.89
6433.5753594707  48712.56
6436.40069273943  50690.06
6439.22602600817  50931.91
6442.0513592769  52363.06
6444.87669254563  53641.48
6447.70202581437  52403.46
6450.5273590831  49105.84
6453.35269235183  49379.87
6456.17802562056  50019.49
6459.0033588893  50101.64
6461.82869215803  51127.39
6464.65402542676  50346.06
6467.47935869549  51903.91
6470.30469196423  51992.83
6473.13002523296  50605.93
6475.95535850169  51827.48
6478.78069177042  52209.43
6481.60602503916  51031.24
6484.43135830789  50055.17
6487.25669157662  52065.03
6490.08202484535  51327.
6492.90735811409  46592.1
6495.73269138282  41345.59
6498.55802465155  41718.29
6501.38335792028  47462.
6504.20869118902  52086.22
6507.03402445775  54355.22
6509.85935772648  53905.36
6512.68469099522  53360.41
6515.51002426395  51853.85
6518.33535753268  50752.35
6521.16069080141  52425.92
6523.98602407015  53843.89
6526.81135733888  52697.98
6529.63669060761  52149.57
6532.46202387634  52823.36
6535.28735714508  52842.52
6538.11269041381  54047.67
6540.93802368254  53921.99
6543.76335695127  53386.83
6546.58869022001  51797.48
6549.41402348874  51476.43
6552.23935675747  52131.09
6555.06469002621  51194.04
6557.89002329494  49168.5
6560.71535656367  45191.54
6563.5406898324  40366.93
6566.36602310113  43682.93
6569.19135636987  50846.91
6572.0166896386  50552.79
6574.84202290733  50362.31
6577.66735617606  51654.43
6580.4926894448  53566.39
6583.31802271353  52911.81
6586.14335598226  52787.74
6588.968689251  53064.
6591.79402251973  51949.77
6594.61935578846  49594.38
6597.44468905719  50837.67
6600.27002232593  53624.47
6603.09535559466  53600.51
6605.92068886339  51794.05
6608.74602213212  50323.91
6611.57135540086  51797.16
6614.39668866959  53730.71
6617.22202193832  54910.77
6620.04735520706  55609.55
6622.87268847579  55029.31
6625.69802174452  53957.37
6628.52335501325  53568.98
6631.34868828198  53333.71
6634.17402155072  51721.42
6636.99935481945  52087.86
6639.82468808818  53374.79
6642.65002135691  52994.62
6645.47535462565  51946.15
6648.30068789438  52787.35
6651.12602116311  54419.48
6653.95135443185  54811.91
6656.77668770058  55336.09
6659.60202096931  54870.83
6662.42735423804  53260.11
6665.25268750678  51925.19
6668.07802077551  53043.93
6670.90335404424  54282.66
6673.72868731297  54221.25
6676.55402058171  53130.76
6679.37935385044  51464.67
6682.20468711917  53300.87
6685.0300203879  55822.59
6687.85535365664  56518.1
6690.68068692537  56130.67
6693.5060201941  55355.39
6696.33135346284  54590.28
6699.15668673157  54086.16
6701.9820200003  54187.55
6704.80735326903  53416.
6707.63268653777  53329.56
6710.4580198065  53954.56
6713.28335307523  53162.77
6716.10868634396  52090.56
6718.93401961269  51897.24
6721.75935288143  53360.09
6724.58468615016  54557.89
6727.41001941889  54381.38
6730.23535268763  54332.02
6733.06068595636  54645.5
6735.88601922509  54039.77
6738.71135249382  53397.09
6741.53668576256  52459.92
6744.36201903129  53020.42
6747.18735230002  53188.48
6750.01268556875  52571.37
6752.83801883749  52253.91
6755.66335210622  53801.73
6758.48868537495  54939.03
6761.31401864368  55761.58
6764.13935191242  55124.66
6766.96468518115  54082.62
6769.79001844988  52408.26
6772.61535171861  52498.81
6775.44068498735  53729.88
6778.26601825608  54858.69
6781.09135152481  55056.96
6783.91668479354  53745.52
6786.74201806228  53330.24
6789.56735133101  54023.49
6792.39268459974  53728.86
6795.21801786848  53019.12
6798.04335113721  53252.95
6800.86868440594  54704.62
6803.69401767467  54251.78
6806.51935094341  53560.01
6809.34468421214  53365.62
6812.17001748087  53787.13
6814.9953507496  53954.4
6817.82068401834  54198.36
6820.64601728707  54798.79
6823.4713505558  54667.77
6826.29668382453  54509.75
6829.12201709327  53656.71
6831.947350362  53500.63
6834.77268363073  54271.07
6837.59801689947  53081.71
6840.4233501682  50895.76
6843.24868343693  49788.05
6846.07401670566  51163.02
6848.89934997439  53087.92
6851.72468324313  53696.25
6854.55001651186  52061.96
6857.3753497806  50887.83
6860.20068304933  50704.2
6863.02601631806  50987.49
6865.85134958679  48537.54
6868.67668285552  43657.4
6871.50201612426  39943.68
6874.32734939299  41615.41
6877.15268266172  44385.07
6879.97801593045  47324.72
6882.80334919919  48792.84
6885.62868246792  48186.32
6888.45401573665  48068.32
6891.27934900539  48465.13
6894.10468227412  48567.56
6896.93001554285  48381.11
6899.75534881158  48019.09
6902.58068208032  49088.78
6905.40601534905  50208.38
6908.23134861778  50659.05
6911.05668188651  50748.61
6913.88201515524  49668.22
6916.70734842398  49295.91
6919.53268169271  50850.68
6922.35801496144  51537.17
6925.18334823018  50952.97
6928.00868149891  50720.64
6930.83401476764  51167.08
6933.65934803637  51032.27
6936.48468130511  51436.59
6939.31001457384  51727.06
6942.13534784257  51631.95
6944.9606811113  50328.37
6947.78601438004  49343.99
6950.61134764877  49572.99
6953.4366809175  49787.21
6956.26201418623  49673.56
6959.08734745497  50649.02
6961.9126807237  51237.63
6964.73801399243  51642.73
6967.56334726116  52114.37
6970.3886805299  52077.89
6973.21401379863  51318.55
6976.03934706736  49379.2
6978.8646803361  47110.
6981.69001360483  46996.93
6984.51534687356  50000.25
6987.34068014229  50898.29
6990.16601341102  50458.58
6992.99134667976  51225.01
6995.81667994849  51046.51
6998.64201321722  49638.75
7001.46734648596  48343.86
7004.29267975469  47812.44
7007.11801302342  48439.59
7009.94334629215  49125.36
7012.76867956089  49355.17
7015.59401282962  47679.88
7018.41934609835  46532.79
7021.24467936708  47343.82
7024.07001263582  47498.33
7026.89534590455  47170.21
7029.72067917328  48215.03
7032.54601244202  49288.79
7035.37134571075  49096.87
7038.19667897948  48601.04
7041.02201224821  48999.09
7043.84734551695  50218.15
7046.67267878568  50881.6
7049.49801205441  50814.32
7052.32334532314  50452.7
7055.14867859187  49526.85
7057.97401186061  49524.46
7060.79934512934  49871.95
7063.62467839807  49202.83
7066.45001166681  48157.93
7069.27534493554  47418.62
7072.10067820427  48616.02
7074.926011473  50134.96
7077.75134474174  50193.65
7080.57667801047  50116.87
7083.4020112792  49142.25
7086.22734454793  47419.57
7089.05267781667  47029.88
7091.8780110854  47654.13
7094.70334435413  48176.88
7097.52867762286  48893.58
7100.3540108916  49149.7
7103.17934416033  49094.55
7106.00467742906  48829.5
7108.8300106978  48211.08
7111.65534396653  47333.53
7114.48067723526  46935.83
7117.30601050399  47354.2
7120.13134377273  47053.23
7122.95667704146  46293.76
7125.78201031019  46517.87
7128.60734357892  46586.58
7131.43267684765  45836.67
7134.25801011639  45955.93
7137.08334338512  47379.44
7139.90867665385  47648.84
7142.73400992259  47045.01
7145.55934319132  46549.54
7148.38467646005  45319.48
7151.21000972878  44641.7
7154.03534299752  45741.29
7156.86067626625  46570.04
7159.68600953498  46684.61
7162.51134280371  46236.46
7165.33667607245  44574.19
7168.16200934118  44031.86
7170.98734260991  45420.7
7173.81267587864  45566.1
7176.63800914738  44335.49
7179.46334241611  43460.61
7182.28867568484  42272.96
7185.11400895358  41184.47
7187.93934222231  40166.44
7190.76467549104  40021.87
7193.59000875977  40782.14
7196.41534202851  41669.26
7199.24067529724  42256.45
7202.06600856597  42082.93
7204.8913418347  41760.
7207.71667510344  41578.13
7210.54200837217  42320.06
7213.3673416409  43934.74
7216.19267490963  44166.17
7219.01800817837  43457.5
7221.8433414471  43068.74
7224.66867471583  42267.31
7227.49400798456  42756.17
7230.3193412533  44253.29
7233.14467452203  44361.2
7235.97000779076  43461.05
7238.7953410595  42933.59
7241.62067432823  43098.72
7244.44600759696  43391.78
7247.27134086569  43571.32
7250.09667413442  43783.41
7252.92200740316  42979.86
7255.74734067189  42709.61
7258.57267394062  43518.08
7261.39800720936  42755.09
7264.22334047809  41740.91
7267.04867374682  42510.64
7269.87400701555  44135.11
7272.69934028429  44210.49
7275.52467355302  43060.04
7278.35000682175  42615.34
7281.17534009048  42220.74
7284.00067335922  41327.27
7286.82600662795  40683.05
7289.65133989668  39779.71
7292.47667316541  38738.99
7295.30200643415  39827.87
7298.12733970288  42597.25
7300.95267297161  43012.93
7303.77800624034  42005.64
7306.60333950908  41488.3
7309.42867277781  40738.19
7312.25400604654  40535.29
7315.07933931527  41446.54
7317.90467258401  42224.72
7320.73000585274  41993.01
7323.55533912147  41413.67
7326.38067239021  40739.18
7329.20600565894  40850.34
7332.03133892767  41834.81
7334.8566721964  42211.79
7337.68200546514  42757.62
7340.50733873387  43595.57
7343.3326720026  43281.95
7346.15800527133  42261.51
7348.98333854007  41760.47
7351.8086718088  41548.21
7354.63400507753  40780.89
7357.45933834626  40159.55
7360.284671615  40821.15
7363.11000488373  41736.98
7365.93533815246  41531.94
7368.76067142119  41676.66
7371.58600468993  42072.93
7374.41133795866  42230.55
7377.23667122739  42277.84
7380.06200449613  42178.62
7382.88733776486  42023.69
7385.71267103359  40217.12
7388.53800430232  38672.33
7391.36333757105  38700.98
7394.18867083979  39750.66
7397.01400410852  40659.67
7399.83933737725  40878.23
7402.66467064598  40633.85
7405.49000391472  40614.54
7408.31533718345  40388.7
7411.14067045218  39306.36
7413.96600372092  38566.48
7416.79133698965  37953.7
7419.61667025838  38063.66
7422.44200352712  38423.71
7425.26733679585  38874.13
7428.09267006458  39864.99
7430.91800333331  40485.73
7433.74333660204  40354.64
7436.56866987078  40637.24
7439.39400313951  40850.66
7442.21933640824  40086.95
7445.04466967697  39129.1
7447.87000294571  38769.2
7450.69533621444  38792.27
7453.52066948317  39888.8
7456.34600275191  40846.24
7459.17133602064  40649.1
7461.99666928937  39356.61
7464.8220025581  38782.64
7467.64733582684  39760.47
7470.47266909557  40790.29
7473.2980023643  40257.89
7476.12333563303  39472.05
7478.94866890177  39298.39
7481.7740021705  38957.39
7484.59933543923  38508.02
7487.42466870796  38871.43
7490.2500019767  39642.9
7493.07533524543  38616.46
7495.90066851416  37356.32
7498.72600178289  37889.8
7501.55133505163  38972.18
7504.37666832036  39503.89
7507.20200158909  38984.98
7510.02733485783  38268.87
7512.85266812656  37724.16
7515.67800139529  37806.8
7518.50333466402  38461.73
7521.32866793275  38836.35
7524.15400120149  38226.56
7526.97933447022  37441.14
7529.80466773895  37202.14
7532.63000100769  37626.96
7535.45533427642  38072.82
7538.28066754515  38804.68
7541.10600081388  38721.75
7543.93133408261  38279.23
7546.75666735135  38101.89
7549.58200062008  38103.11
7552.40733388881  37983.4
7555.23266715755  37679.86
7558.05800042628  37089.64
7560.88333369501  37131.33
7563.70866696374  37795.77
7566.53400023248  37644.49
7569.35933350121  37409.61
7572.18466676994  36801.09
7575.01000003867  36593.59
7577.83533330741  36928.59
7580.66066657614  37254.34
7583.48599984487  36660.49
7586.3113331136  35292.56
7589.13666638234  34831.91
7591.96199965107  34153.55
7594.7873329198  29140.58
7597.61266618854  21608.27
7600.43799945727  15430.47
7603.263332726  11896.13
7606.08866599473  10699.21
7608.91399926347  11262.01
7611.7393325322  13764.12
7614.56466580093  17693.55
7617.38999906966  22379.46
7620.2153323384  25254.04
7623.04066560713  24224.03
7625.86599887586  21327.8
7628.69133214459  20098.29
7631.51666541333  20066.18
7634.34199868206  20316.15
7637.16733195079  21109.06
7639.99266521953  22167.18
7642.81799848826  23233.66
7645.64333175699  24748.64
7648.46866502572  25207.27
7651.29399829445  26281.45
7654.11933156319  26694.65
7656.94466483192  27060.69
7659.76999810065  27205.96
7662.59533136938  27202.81
7665.42066463812  27742.8
7668.24599790685  28984.67
7671.07133117558  30862.78
7673.89666444432  32118.23
7676.72199771305  32822.23
7679.54733098178  32522.57
7682.37266425051  32497.64
7685.19799751925  32912.73
7688.02333078798  33170.09
7690.84866405671  32889.84
7693.67399732544  32601.63
7696.49933059418  32492.69
7699.32466386291  31992.86
7702.14999713164  32015.59
7704.97533040037  32965.77
7707.80066366911  33286.55
7710.62599693784  32291.99
7713.45133020657  30640.24
7716.2766634753  29966.85
7719.10199674404  30896.5
7721.92733001277  31980.16
7724.7526632815  32097.9
7727.57799655024  31921.45
7730.40332981897  32141.7
7733.2286630877  32571.13
7736.05399635643  32964.4
7738.87932962516  33415.75
7741.7046628939  33353.3
7744.52999616263  32498.77
7747.35532943136  31415.24
7750.1806627001  30565.62
7753.00599596883  30973.79
7755.83132923756  32391.15
7758.6566625063  33296.43
7761.48199577503  33237.6
7764.30732904376  33452.15
7767.13266231249  33647.02
7769.95799558123  33253.16
7772.78332884996  32614.
7775.60866211869  31779.94
7778.43399538742  31879.84
7781.25932865615  31924.91
7784.08466192489  31960.86
7786.90999519362  32331.01
7789.73532846235  32156.08
7792.56066173108  31789.49
7795.38599499982  32317.28
7798.21132826855  31852.38
7801.03666153728  31114.43
7803.86199480602  31601.12
7806.68732807475  32190.1
7809.51266134348  31502.46
7812.33799461221  31376.18
7815.16332788095  31860.87
7817.98866114968  32233.62
7820.81399441841  31856.42
7823.63932768714  31883.34
7826.46466095588  32218.3
7829.28999422461  31856.87
7832.11532749334  30943.95
7834.94066076207  30199.76
7837.76599403081  30105.19
7840.59132729954  30782.55
7843.41666056827  31050.04
7846.24199383701  31002.49
7849.06732710574  30772.12
7851.89266037447  30573.76
7854.7179936432  30064.82
7857.54332691193  30239.68
7860.36866018067  30657.72
7863.1939934494  30418.76
7866.01932671813  30357.91
7868.84465998687  30371.75
7871.6699932556  29981.62
7874.49532652433  29284.07
7877.32065979306  28865.32
7880.14599306179  28647.46
7882.97132633053  28334.85
7885.79665959926  28482.45
7888.62199286799  28806.75
7891.44732613673  28810.47
7894.27265940546  28049.45
7897.09799267419  27258.49
7899.92332594293  27171.79
7902.74865921166  27473.39
7905.57399248039  27767.04
7908.39932574912  27529.17
7911.22465901786  26805.06
7914.04999228659  26019.31
7916.87532555532  25579.06
7919.70065882405  25293.99
7922.52599209278  25938.44
7925.35132536152  26237.18
7928.17665863025  26107.86
7931.00199189898  25801.77
7933.82732516772  25236.46
7936.65265843645  25003.11
7939.47799170518  24793.68
7942.30332497391  24470.09
7945.12865824265  24161.4
7947.95399151138  24043.56
7950.77932478011  24765.81
7953.60465804884  25561.76
7956.42999131758  25564.29
7959.25532458631  25142.12
7962.08065785504  25087.67
7964.90599112377  25230.3
7967.73132439251  25131.43
7970.55665766124  25104.73
7973.38199092997  25221.73
7976.2073241987  25379.18
7979.03265746744  25313.7
7981.85799073617  25104.92
7984.6833240049  24908.14
7987.50865727364  24718.33
7990.33399054237  24832.1
7993.1593238111  25077.35
7995.98465707983  24544.54
7998.80999034857  23928.51
8001.6353236173  23690.39
8004.46065688603  23944.15
8007.28599015476  24406.92
8010.11132342349  24533.93
8012.93665669223  24360.35
8015.76198996096  24595.36
8018.58732322969  24450.98
8021.41265649843  24456.08
8024.23798976716  24004.63
8027.06332303589  23179.61
8029.88865630462  22685.73
8032.71398957336  23306.97
8035.53932284209  23908.57
8038.36465611082  24076.76
8041.18998937956  23999.1
8044.01532264829  23373.48
8046.84065591702  22479.97
8049.66598918575  21916.11
8052.49132245448  22338.21
8055.31665572322  23050.93
8058.14198899195  23618.41
8060.96732226068  23544.9
8063.79265552942  23270.77
8066.61798879815  23126.64
8069.44332206688  22700.48
8072.26865533561  22065.2
8075.09398860435  21656.89
8077.91932187308  21810.84
8080.74465514181  22187.93
8083.56998841054  21830.94
8086.39532167928  21636.34
8089.22065494801  21633.71
8092.04598821674  21348.1
8094.87132148547  20788.68
8097.69665475421  20763.34
8100.52198802294  21149.87
8103.34732129167  21286.24
8106.1726545604  20954.01
8108.99798782914  20800.79
8111.82332109787  20806.74
8114.6486543666  20790.29
8117.47398763533  20603.94
8120.29932090407  20577.2
8123.1246541728  20787.04
8125.94998744153  20742.36
8128.77532071026  20517.87
8131.600653979  20210.85
8134.42598724773  20024.72
8137.25132051646  20092.2
8140.07665378519  20124.2
8142.90198705393  19850.89
8145.72732032266  19622.13
8148.55265359139  19627.3
8151.37798686012  19452.02
8154.20332012886  19326.49
8157.02865339759  19418.67
8159.85398666632  19409.61
8162.67931993506  18864.36
8165.50465320379  18333.46
8168.32998647252  18747.47
8171.15531974125  18934.26
8173.98065300999  18963.7
8176.80598627872  18680.49
8179.63131954745  18170.96
8182.45665281618  17978.74
8185.28198608492  17819.73
8188.10731935365  17782.06
8190.93265262238  18230.63
8193.75798589111  18397.37
8196.58331915985  17661.79
8199.40865242858  17385.39
8202.23398569731  17624.75
8205.05931896605  18163.12
8207.88465223478  18156.38
8210.70998550351  18344.73
8213.53531877224  18236.62
8216.36065204098  18290.42
8219.18598530971  18144.58
8222.01131857844  17711.03
8224.83665184717  17513.7
8227.66198511591  17051.45
8230.48731838464  16421.2
8233.31265165337  16617.03
8236.1379849221  17448.4
8238.96331819084  17854.48
8241.78865145957  17864.92
8244.6139847283  17882.88
8247.43931799704  17953.61
8250.26465126577  17908.59
8253.0899845345  17915.68
8255.91531780323  17759.8
8258.74065107196  17495.94
8261.5659843407  17857.29
8264.39131760943  18168.3
8267.21665087816  18059.13
8270.04198414689  17923.97
8272.86731741563  17527.12
8275.69265068436  17026.53
8278.51798395309  16944.81
8281.34331722182  17267.71
8284.16865049056  17327.84
8286.99398375929  17119.63
8289.81931702802  16774.27
8292.64465029675  16664.51
8295.46998356549  16788.88
8298.29531683422  16662.98
8301.12065010295  16571.79
8303.94598337169  16604.93
8306.77131664042  16243.56
8309.59664990915  16035.8
8312.42198317788  16103.87
8315.24731644662  16328.11
8318.07264971535  16581.94
8320.89798298408  16443.67
8323.72331625281  16017.18
8326.54864952155  15858.44
8329.37398279028  15350.52
8332.19931605901  15279.59
8335.02464932775  15248.6
8337.84998259648  15371.08
8340.67531586521  15566.43
8343.50064913394  15678.23
8346.32598240268  15689.75
8349.15131567141  15538.28
8351.97664894014  15621.1
8354.80198220887  16050.1
8357.6273154776  15831.83
8360.45264874634  15591.3
8363.27798201507  15483.64
8366.1033152838  15464.34
8368.92864855254  15511.99
8371.75398182127  15763.01
8374.57931509  15854.52
8377.40464835873  15615.69
8380.22998162747  15469.75
8383.0553148962  15274.99
8385.88064816493  14906.7
8388.70598143367  14613.44
8391.5313147024  14662.92
8394.35664797113  15066.84
8397.18198123986  15370.05
8400.00731450859  15326.07
8402.83264777733  15193.25
8405.65798104606  15215.01
8408.48331431479  15219.81
8411.30864758352  15137.8
8414.13398085226  15044.9
8416.95931412099  14939.35
8419.78464738972  15023.72
8422.60998065846  14857.34
8425.43531392719  14739.96
8428.26064719592  14529.79
8431.08598046465  14758.47
8433.91131373339  14782.8
8436.73664700212  13883.04
8439.56198027085  13581.38
8442.38731353958  13936.47
8445.21264680832  14306.21
8448.03798007705  14346.75
8450.86331334578  14437.35
8453.68864661451  14818.69
8456.51397988325  14857.09
8459.33931315198  14562.01
8462.16464642071  14550.53
8464.98997968945  14298.62
8467.81531295818  13621.25
8470.64064622691  13258.16
8473.46597949564  13636.13
8476.29131276438  14105.81
8479.11664603311  14174.31
8481.94197930184  13915.95
8484.76731257057  13747.1
8487.59264583931  13741.41
8490.41797910804  13653.95
8493.24331237677  13200.57
8496.0686456455  11855.41
8498.89397891424  9785.226
8501.71931218297  9228.028
8504.5446454517  11086.85
8507.36997872043  12602.22
8510.19531198917  13083.45
8513.0206452579  12934.77
8515.84597852663  12270.97
8518.67131179536  12081.15
8521.4966450641  12634.26
8524.32197833283  12632.27
8527.14731160156  12289.17
8529.9726448703  11959.48
8532.79797813903  11693.7
8535.62331140776  11159.38
8538.44864467649  9626.785
8541.27397794522  7385.885
8544.09931121396  5866.039
8546.92464448269  6838.543
8549.74997775142  9027.539
8552.57531102015  10534.27
8555.40064428889  11209.15
8558.22597755762  11321.17
8561.05131082635  11616.05
8563.87664409509  11819.23
8566.70197736382  11893.25
8569.52731063255  11847.77
8572.35264390128  11720.86
8575.17797717002  11590.05
8578.00331043875  11658.88
8580.82864370748  11687.49
8583.65397697621  11415.39
8586.47931024495  11337.92
8589.30464351368  11454.46
8592.12997678241  11399.33
8594.95531005114  11193.41
8597.78064331988  10999.65
8600.60597658861  10971.96
8603.43130985734  11077.13
8606.25664312608  11221.4
8609.08197639481  10996.09
8611.90730966354  10604.19
8614.73264293227  10443.11
8617.55797620101  10727.13
8620.38330946974  10864.84
8623.20864273847  10770.05
8626.0339760072  10718.18
8628.85930927594  10924.88
8631.68464254467  10808.77
8634.5099758134  10769.38
8637.33530908213  10793.22
8640.16064235087  10776.44
8642.9859756196  10664.37
8645.81130888833  10526.35
8648.63664215706  10152.63
8651.4619754258  9786.498
8654.28730869453  9593.357
8657.11264196326  9082.463
8659.93797523199  7825.847
8662.76330850073  5886.291
8665.58864176946  5252.189
8668.41397503819  6869.433
8671.23930830693  8509.617
8674.06464157566  8959.072
8676.88997484439  8943.337
8679.71530811312  9037.801
8682.54064138185  9234.1
8685.36597465059  9340.458
8688.19130791932  9240.209
8691.01664118805  8782.612
8693.84197445678  9029.014
8696.66730772552  9447.148
8699.49264099425  9366.508
8702.31797426298  9175.057
8705.14330753172  9215.931
8707.96864080045  9233.995
8710.79397406918  9132.509
8713.61930733791  8891.846
8716.44464060664  8946.575
8719.26997387538  9077.163
8722.09530714411  9145.971
8724.92064041284  9172.299
8727.74597368158  9100.23
8730.57130695031  8738.539
8733.39664021904  8738.54
8736.22197348778  8856.522
8739.04730675651  8774.475
8741.87264002524  8705.669
8744.69797329397  8611.739
8747.52330656271  8600.861
8750.34863983144  8520.963
8753.17397310017  8225.515
8755.9993063689  8253.59
8758.82463963763  8383.518
8761.64997290637  8304.276
8764.4753061751  8364.392
8767.30063944383  8236.451
8770.12597271257  8378.327
8772.9513059813  8184.651
8775.77663925003  8006.715
8778.60197251876  8160.913
8781.4273057875  8225.689
8784.25263905623  8193.217
8787.07797232496  8156.481
8789.90330559369  8182.139
8792.72863886243  7823.388
8795.55397213116  7638.898
8798.37930539989  7842.669
8801.20463866862  7917.757
8804.02997193736  7827.112
8806.85530520609  7256.127
8809.68063847482  6774.277
8812.50597174356  7252.597
8815.33130501229  7798.106
8818.15663828102  7718.815
8820.98197154975  7588.717
8823.80730481849  7427.207
8826.63263808722  7110.379
8829.45797135595  7241.461
8832.28330462468  7622.725
8835.10863789342  7552.872
8837.93397116215  7258.459
8840.75930443088  6906.741
8843.58463769961  6977.66
8846.40997096835  7199.927
8849.23530423708  7201.441
8852.06063750581  7256.
8854.88597077454  7240.127
8857.71130404327  7249.142
8860.53663731201  7103.863
8863.36197058074  6744.018
8866.18730384948  6606.489
8869.01263711821  6541.651
8871.83797038694  6672.851
8874.66330365567  6914.257
8877.48863692441  6782.357
8880.31397019314  6604.163
8883.13930346187  6582.7
8885.9646367306  6654.348
8888.78996999933  6691.683
8891.61530326807  6595.325
8894.4406365368  6440.32
8897.26596980553  6405.931
8900.09130307427  6446.902
8902.916636343  6386.803
8905.74196961173  6440.753
8908.56730288046  6436.86
8911.3926361492  6269.46
8914.21796941793  6148.56
8917.04330268666  6124.424
8919.86863595539  6202.77
8922.69396922413  6114.74
8925.51930249286  6041.447
8928.34463576159  5861.35
8931.16996903032  5678.939
8933.99530229906  5794.943
8936.82063556779  6011.773
8939.64596883652  6049.967
8942.47130210525  5869.
8945.29663537399  5505.491
8948.12196864272  5222.049
8950.94730191145  5367.563
8953.77263518019  5563.904
8956.59796844892  5513.875
8959.42330171765  5511.485
8962.24863498638  5467.083
8965.07396825512  5191.182
8967.89930152385  5039.193
8970.72463479258  5107.033
8973.54996806131  5007.505
8976.37530133004  4878.948
8979.20063459878  4833.832
8982.02596786751  4850.855
8984.85130113624  5228.109
