3213.5188617079  777.6854
3216.33978052258  214.2404
3219.16069933726  132.5317
3221.98161815193  139.1181
3224.80253696661  135.3637
3227.62345578129  156.3193
3230.44437459596  164.79
3233.26529341064  149.7112
3236.08621222531  119.31
3238.90713103999  116.4337
3241.72804985467  146.4967
3244.54896866934  152.0905
3247.36988748402  164.0908
3250.1908062987  175.3742
3253.01172511337  186.0426
3255.83264392805  178.2332
3258.65356274273  186.2917
3261.4744815574  223.5401
3264.29540037208  266.2419
3267.11631918675  298.0099
3269.93723800143  312.7023
3272.75815681611  305.0919
3275.57907563078  301.1388
3278.39999444546  300.753
3281.22091326014  299.8774
3284.04183207481  304.7371
3286.86275088949  287.9408
3289.68366970417  280.4719
3292.50458851884  281.9032
3295.32550733352  311.153
3298.14642614819  360.3077
3300.96734496287  403.3685
3303.78826377755  439.4463
3306.60918259222  450.6029
3309.4301014069  412.585
3312.25102022158  359.7063
3315.07193903625  336.9511
3317.89285785093  348.1371
3320.71377666561  358.9715
3323.53469548028  344.8338
3326.35561429496  364.566
3329.17653310964  375.4342
3331.99745192431  359.0972
3334.81837073899  385.3408
3337.63928955367  398.4675
3340.46020836834  385.4016
3343.28112718302  347.2314
3346.10204599769  358.9351
3348.92296481237  387.5276
3351.74388362705  423.3844
3354.56480244172  435.9807
3357.3857212564  425.5781
3360.20664007108  453.4452
3363.02755888575  418.1379
3365.84847770043  310.6475
3368.6693965151  295.3028
3371.49031532978  340.6697
3374.31123414446  321.066
3377.13215295913  292.7903
3379.95307177381  351.0444
3382.77399058849  418.4588
3385.59490940316  413.3922
3388.41582821784  430.5543
3391.23674703252  467.031
3394.05766584719  461.4204
3396.87858466187  450.8768
3399.69950347655  486.0844
3402.52042229122  568.8362
3405.3413411059  640.5462
3408.16225992058  634.9334
3410.98317873525  555.4421
3413.80409754993  501.9377
3416.6250163646  500.3143
3419.44593517928  490.1275
3422.26685399396  534.8082
3425.08777280863  628.5267
3427.90869162331  628.5013
3430.72961043799  612.7768
3433.55052925266  643.7081
3436.37144806734  641.0914
3439.19236688202  597.3323
3442.01328569669  533.5764
3444.83420451137  431.0381
3447.65512332604  387.4197
3450.47604214072  450.4717
3453.2969609554  553.0914
3456.11787977007  626.7335
3458.93879858475  607.3635
3461.75971739943  554.5868
3464.5806362141  517.3452
3467.40155502878  557.288
3470.22247384346  619.213
3473.04339265813  659.12
3475.86431147281  649.0044
3478.68523028748  579.6816
3481.50614910216  566.5386
3484.32706791684  588.0939
3487.14798673151  601.4492
3489.96890554619  638.1999
3492.78982436087  625.7484
3495.61074317554  564.8261
3498.43166199022  614.9647
3501.2525808049  712.6091
3504.07349961957  822.8575
3506.89441843425  911.7169
3509.71533724893  886.5344
3512.5362560636  804.5764
3515.35717487828  702.7899
3518.17809369296  687.2355
3520.99901250763  811.3655
3523.81993132231  780.3248
3526.64085013698  606.7794
3529.46176895166  613.2831
3532.28268776634  715.835
3535.10360658101  781.8358
3537.92452539569  818.7413
3540.74544421037  888.7239
3543.56636302504  890.2884
3546.38728183972  891.5397
3549.2082006544  875.4197
3552.02911946907  810.8034
3554.85003828375  743.9656
3557.67095709842  701.1144
3560.4918759131  692.7935
3563.31279472778  694.2469
3566.13371354245  644.8582
3568.95463235713  591.5355
3571.77555117181  556.1452
3574.59646998648  607.3358
3577.41738880116  655.2468
3580.23830761584  589.4196
3583.05922643051  458.2643
3585.88014524519  367.8461
3588.70106405987  420.895
3591.52198287454  547.95
3594.34290168922  771.4609
3597.16382050389  1055.812
3599.98473931857  1223.402
3602.80565813325  1211.761
3605.62657694792  1084.09
3608.4474957626  919.9151
3611.26841457728  871.9507
3614.08933339195  947.6847
3616.91025220663  1054.597
3619.7311710213  1019.093
3622.55208983598  989.1293
3625.37300865066  1245.526
3628.19392746533  1447.228
3631.01484628001  1417.245
3633.83576509469  1179.463
3636.65668390936  1149.55
3639.47760272404  1364.308
3642.29852153872  1547.224
3645.11944035339  1422.275
3647.94035916807  1244.902
3650.76127798275  1220.787
3653.58219679742  1438.985
3656.4031156121  1723.281
3659.22403442678  1843.025
3662.04495324145  1891.141
3664.86587205613  1831.579
3667.6867908708  1723.77
3670.50770968548  1702.396
3673.32862850016  1709.209
3676.14954731483  1805.523
3678.97046612951  1660.375
3681.79138494419  1578.918
3684.61230375886  1570.747
3687.43322257354  1599.595
3690.25414138822  1584.687
3693.07506020289  1796.609
3695.89597901757  1926.036
3698.71689783224  1920.843
3701.53781664692  2011.101
3704.3587354616  1801.486
3707.17965427627  1476.581
3710.00057309095  1537.453
3712.82149190563  1846.793
3715.6424107203  2046.027
3718.46332953498  1818.587
3721.28424834966  1396.651
3724.10516716433  1291.195
3726.92608597901  1549.031
3729.74700479368  1520.455
3732.56792360836  1271.217
3735.38884242304  1037.032
3738.20976123771  1035.114
3741.03068005239  1314.291
3743.85159886707  1346.371
3746.67251768174  1110.037
3749.49343649642  1074.44
3752.3143553111  1305.491
3755.13527412577  1641.225
3757.95619294045  1577.576
3760.77711175513  1305.184
3763.5980305698  1343.033
3766.41894938448  1449.843
3769.23986819916  1581.583
3772.06078701383  1818.666
3774.88170582851  1917.723
3777.70262464318  1882.919
3780.52354345786  1924.96
3783.34446227254  1940.567
3786.16538108721  1707.53
3788.98629990189  1431.476
3791.80721871657  1268.988
3794.62813753124  1288.466
3797.44905634592  1278.6
3800.26997516059  1371.138
3803.09089397527  1517.6
3805.91181278995  1588.029
3808.73273160462  1506.976
3811.5536504193  1428.982
3814.37456923398  1285.769
3817.19548804865  1006.984
3820.01640686333  855.8025
3822.83732567801  833.4794
3825.65824449268  820.1734
3828.47916330736  790.7968
3831.30008212204  865.5378
3834.12100093671  896.0667
3836.94191975139  884.4505
3839.76283856606  922.9472
3842.58375738074  947.1147
3845.40467619542  1038.873
3848.22559501009  981.0322
3851.04651382477  921.757
3853.86743263945  936.4521
3856.68835145412  904.002
3859.5092702688  864.9344
3862.33018908348  914.3479
3865.15110789815  1016.262
3867.97202671283  962.4604
3870.7929455275  901.6901
3873.61386434218  1017.094
3876.43478315686  1200.174
3879.25570197153  1227.838
3882.07662078621  1277.394
3884.89753960089  1592.534
3887.71845841556  1913.975
3890.53937723024  2194.022
3893.36029604492  2510.315
3896.18121485959  2524.516
3899.00213367427  2455.11
3901.82305248895  2449.294
3904.64397130362  2316.467
3907.4648901183  2343.926
3910.28580893298  2603.383
3913.10672774765  2644.996
3915.92764656233  2479.968
3918.748565377  2130.727
3921.56948419168  1815.131
3924.39040300636  1634.135
3927.21132182103  1361.768
3930.03224063571  905.5201
3932.85315945039  637.1082
3935.67407826506  762.6326
3938.49499707974  1203.537
3941.31591589442  1630.031
3944.13683470909  1874.315
3946.95775352377  2239.038
3949.77867233844  2540.516
3952.59959115312  2612.277
3955.4205099678  2592.49
3958.24142878247  2407.541
3961.06234759715  1896.458
3963.88326641183  1316.698
3966.7041852265  948.1429
3969.52510404118  943.5495
3972.34602285586  1445.913
3975.16694167053  2131.86
3977.98786048521  2772.89
3980.80877929988  3176.354
3983.62969811456  3305.783
3986.45061692924  3446.968
3989.27153574391  3606.337
3992.09245455859  3659.069
3994.91337337327  3694.408
3997.73429218794  3789.29
4000.55521100262  3969.549
4003.3761298173  4022.927
4006.19704863197  3867.481
4009.01796744665  4010.902
4011.83888626133  4295.976
4014.659805076  4378.837
4017.48072389068  4479.817
4020.30164270535  4466.23
4023.12256152003  4349.036
4025.94348033471  4376.692
4028.76439914938  4295.5
4031.58531796406  3933.477
4034.40623677874  3914.812
4037.22715559341  4318.56
4040.04807440809  4411.155
4042.86899322277  4107.068
4045.68991203744  3725.946
4048.51083085212  4046.458
4051.3317496668  4287.504
4054.15266848147  3977.158
4056.97358729615  3799.783
4059.79450611082  3839.408
4062.6154249255  3759.631
4065.43634374018  3759.911
4068.25726255485  4083.131
4071.07818136953  4214.061
4073.89910018421  4108.425
4076.72001899888  3878.222
4079.54093781356  4265.885
4082.36185662824  4650.761
4085.18277544291  4690.076
4088.00369425759  4895.851
4090.82461307226  4856.22
4093.64553188694  4585.309
4096.46645070162  4306.624
4099.28736951629  4234.775
4102.10828833097  4144.715
4104.92920714565  4506.26
4107.75012596032  4701.902
4110.571044775  4495.818
4113.39196358968  4543.383
4116.21288240435  4629.979
4119.03380121903  4403.712
4121.8547200337  4270.794
4124.67563884838  4355.265
4127.49655766306  4219.338
4130.31747647773  4071.001
4133.13839529241  4033.402
4135.95931410709  4277.354
4138.78023292176  4398.02
4141.60115173644  4060.813
4144.42207055112  3731.996
4147.24298936579  3862.156
4150.06390818047  3791.744
4152.88482699515  3756.835
4155.70574580982  3850.751
4158.5266646245  4145.775
4161.34758343918  4350.106
4164.16850225385  4336.167
4166.98942106853  4121.459
4169.8103398832  4074.363
4172.63125869788  3849.97
4175.45217751256  3691.366
4178.27309632723  3725.642
4181.09401514191  3985.961
4183.91493395659  4412.218
4186.73585277126  4560.263
4189.55677158594  4500.403
4192.37769040062  4456.917
4195.19860921529  4158.746
4198.01952802997  4000.754
4200.84044684464  4208.789
4203.66136565932  4438.187
4206.482284474  4721.605
4209.30320328867  4840.96
4212.12412210335  4693.099
4214.94504091803  4770.52
4217.7659597327  5481.476
4220.58687854738  5814.554
4223.40779736206  5050.206
4226.22871617673  4539.821
4229.04963499141  5142.958
4231.87055380609  5721.383
4234.69147262076  5457.95
4237.51239143544  5434.644
4240.33331025012  5766.063
4243.15422906479  6202.988
4245.97514787947  5983.246
4248.79606669414  5467.532
4251.61698550882  5372.208
4254.4379043235  5553.531
4257.25882313817  5567.563
4260.07974195285  5625.115
4262.90066076753  6023.849
4265.7215795822  6337.755
4268.54249839688  5657.446
4271.36341721155  4956.333
4274.18433602623  5196.769
4277.00525484091  5921.096
4279.82617365558  5964.129
4282.64709247026  5727.434
4285.46801128494  5616.404
4288.28893009961  5295.617
4291.10984891429  5181.054
4293.93076772897  5238.734
4296.75168654364  4755.22
4299.57260535832  4090.18
4302.39352417299  3937.702
4305.21444298767  4009.318
4308.03536180235  4110.257
4310.85628061702  4771.598
4313.6771994317  6051.565
4316.49811824638  7293.202
4319.31903706105  7386.128
4322.13995587573  6525.74
4324.96087469041  5935.837
4327.78179350508  6790.693
4330.60271231976  7599.573
4333.42363113444  7601.61
4336.24454994911  7072.802
4339.06546876379  6348.722
4341.88638757846  6615.825
4344.70730639314  7392.984
4347.52822520782  7781.705
4350.3491440225  7372.848
4353.17006283717  7092.995
4355.99098165185  7559.388
4358.81190046652  7716.597
4361.6328192812  8094.212
4364.45373809588  8331.893
4367.27465691055  7784.381
4370.09557572523  7453.937
4372.91649453991  6981.598
4375.73741335458  6999.71
4378.55833216926  7174.179
4381.37925098394  6355.953
4384.20016979861  5595.309
4387.02108861329  6244.645
4389.84200742796  6548.398
4392.66292624264  6813.938
4395.48384505732  7301.793
4398.30476387199  7493.801
4401.12568268667  7187.644
4403.94660150135  6893.784
4406.76752031602  6942.713
4409.5884391307  7693.783
4412.40935794537  8230.979
4415.23027676005  7812.113
4418.05119557473  8016.423
4420.8721143894  8225.993
4423.69303320408  7949.518
4426.51395201876  8108.527
4429.33487083343  8240.013
4432.15578964811  7916.591
4434.97670846279  7968.49
4437.79762727746  8541.816
4440.61854609214  8507.949
4443.43946490682  8427.49
4446.26038372149  8878.593
4449.08130253617  9018.364
4451.90222135084  8576.05
4454.72314016552  8017.695
4457.5440589802  7662.958
4460.36497779487  7638.383
4463.18589660955  8076.938
4466.00681542423  8546.
4468.8277342389  8780.891
4471.64865305358  9301.899
4474.46957186826  9922.981
4477.29049068293  9826.822
4480.11140949761  9287.509
4482.93232831228  9236.83
4485.75324712696  9717.146
4488.57416594164  9376.519
4491.39508475631  9040.358
4494.21600357099  9113.406
4497.03692238567  9342.192
4499.85784120034  9956.861
4502.67876001502  10483.84
4505.4996788297  10823.56
4508.32059764437  10478.94
4511.14151645905  10141.44
4513.96243527373  9816.125
4516.7833540884  9604.973
4519.60427290308  9791.308
4522.42519171775  9637.598
4525.24611053243  8822.342
4528.06702934711  8341.608
4530.88794816178  8548.137
4533.70886697646  8877.013
4536.52978579114  9161.027
4539.35070460581  9379.634
4542.17162342049  9248.482
4544.99254223517  9139.341
4547.81346104984  9103.395
4550.63437986452  9188.193
4553.4552986792  9373.844
4556.27621749387  9817.932
4559.09713630855  10287.57
4561.91805512322  10159.99
4564.7389739379  9750.173
4567.55989275258  10070.73
4570.38081156725  10201.27
4573.20173038193  10152.63
4576.02264919661  10062.59
4578.84356801128  9563.29
4581.66448682596  9322.382
4584.48540564064  9571.588
4587.30632445531  10003.2
4590.12724326999  10084.5
4592.94816208466  9710.104
4595.76908089934  9427.102
4598.58999971402  9582.266
4601.41091852869  9773.114
4604.23183734337  10049.55
4607.05275615805  10728.27
4609.87367497272  11263.25
4612.6945937874  11055.27
4615.51551260208  11146.24
4618.33643141675  11131.37
4621.15735023143  11193.06
4623.9782690461  11377.03
4626.79918786078  11289.58
4629.62010667546  11129.13
4632.44102549013  11046.9
4635.26194430481  10629.62
4638.08286311949  10409.42
4640.90378193416  10285.76
4643.72470074884  10131.13
4646.54561956352  9758.138
4649.36653837819  10136.78
4652.18745719287  10745.41
4655.00837600755  10774.97
4657.82929482222  10925.88
4660.6502136369  11335.05
4663.47113245157  10427.81
4666.29205126625  9596.917
4669.11297008093  9831.048
4671.9338888956  10815.72
4674.75480771028  11000.59
4677.57572652496  11164.64
4680.39664533963  10870.02
4683.21756415431  11037.74
4686.03848296899  11280.44
4688.85940178366  11073.07
4691.68032059834  10969.04
4694.50123941301  11270.21
4697.32215822769  11158.38
4700.14307704237  10658.3
4702.96399585704  10781.17
4705.78491467172  11037.71
4708.6058334864  11249.06
4711.42675230107  11486.11
4714.24767111575  11801.33
4717.06858993043  12479.81
4719.8895087451  12978.13
4722.71042755978  12897.65
4725.53134637446  12590.98
4728.35226518913  11787.48
4731.17318400381  11914.64
4733.99410281848  12505.32
4736.81502163316  12863.65
4739.63594044784  13259.41
4742.45685926251  13443.22
4745.27777807719  13770.7
4748.09869689187  13870.26
4750.91961570654  13666.84
4753.74053452122  13405.79
4756.5614533359  13362.91
4759.38237215057  13746.8
4762.20329096525  13478.36
4765.02420977993  13062.02
4767.8451285946  13581.64
4770.66604740928  14541.57
4773.48696622395  15053.71
4776.30788503863  15624.94
4779.12880385331  15634.92
4781.94972266798  15083.47
4784.77064148266  14565.89
4787.59156029734  14367.18
4790.41247911201  14886.13
4793.23339792669  15800.84
4796.05431674137  15974.03
4798.87523555604  15380.88
4801.69615437072  15699.34
4804.5170731854  15865.35
4807.33799200007  15496.37
4810.15891081475  15681.81
4812.97982962943  16231.21
4815.8007484441  16618.03
4818.62166725878  17134.26
4821.44258607345  16616.92
4824.26350488813  16086.89
4827.08442370281  16474.98
4829.90534251748  16299.34
4832.72626133216  16345.11
4835.54718014684  16474.97
4838.36809896151  16444.24
4841.18901777619  15915.01
4844.00993659086  16267.47
4846.83085540554  16579.75
4849.65177422022  16286.68
4852.47269303489  16127.91
4855.29361184957  15284.73
4858.11453066425  14477.26
4860.93544947892  13697.8
4863.7563682936  14111.54
4866.57728710827  15524.59
4869.39820592295  15396.43
4872.21912473763  14893.16
4875.04004355231  15695.06
4877.86096236698  16876.29
4880.68188118166  17205.78
4883.50279999633  16584.34
4886.32371881101  15755.06
4889.14463762569  15768.24
4891.96555644036  16704.09
4894.78647525504  18212.37
4897.60739406972  18825.81
4900.42831288439  18259.35
4903.24923169907  18137.83
4906.07015051375  18304.6
4908.89106932842  17250.52
4911.7119881431  16916.17
4914.53290695777  17627.39
4917.35382577245  17047.31
4920.17474458713  15474.22
4922.9956634018  15961.09
4925.81658221648  17310.71
4928.63750103116  18611.77
4931.45841984583  19241.09
4934.27933866051  18081.77
4937.10025747519  17254.5
4939.92117628986  17449.19
4942.74209510454  19085.59
4945.56301391922  19627.1
4948.38393273389  19393.7
4951.20485154857  19889.33
4954.02577036324  19431.39
4956.84668917792  18440.93
4959.6676079926  18728.16
4962.48852680727  20187.8
4965.30944562195  19550.32
4968.13036443663  18783.42
4970.9512832513  19385.46
4973.77220206598  20247.21
4976.59312088066  19558.45
4979.41403969533  18502.68
4982.23495851001  17570.5
4985.05587732469  17379.66
4987.87679613936  19061.08
4990.69771495404  19521.84
4993.51863376871  19368.21
4996.33955258339  19238.8
4999.16047139807  18629.15
5001.98139021274  18065.95
5004.80230902742  17615.7
5007.6232278421  17641.61
5010.44414665677  18396.75
5013.26506547145  17421.7
5016.08598428613  17201.2
5018.9069031008  17789.08
5021.72782191548  18412.06
5024.54874073016  18787.76
5027.36965954483  19507.74
5030.19057835951  20214.54
5033.01149717418  20956.29
5035.83241598886  20085.07
5038.65333480354  18433.19
5041.47425361821  17968.74
5044.29517243289  19946.74
5047.11609124757  21426.54
5049.93701006224  20270.87
5052.75792887692  20224.52
5055.5788476916  21651.21
5058.39976650627  22469.83
5061.22068532095  22682.93
5064.04160413562  21803.58
5066.8625229503  20751.34
5069.68344176498  21187.1
5072.50436057965  21295.37
5075.32527939433  21094.61
5078.14619820901  20569.45
5080.96711702368  19701.17
5083.78803583836  20481.98
5086.60895465304  21797.09
5089.42987346771  22228.54
5092.25079228239  22732.3
5095.07171109707  22786.57
5097.89262991174  21355.7
5100.71354872642  21161.16
5103.53446754109  21986.49
5106.35538635577  21797.73
5109.17630517045  21468.38
5111.99722398512  22190.49
5114.8181427998  23282.34
5117.63906161448  23957.54
5120.45998042915  23144.92
5123.28089924383  21644.7
5126.10181805851  21035.41
5128.92273687318  21247.66
5131.74365568786  21932.15
5134.56457450254  22779.62
5137.38549331721  22538.4
5140.20641213189  21605.59
5143.02733094656  21467.38
5145.84824976124  21461.11
5148.66916857592  21365.26
5151.49008739059  21926.86
5154.31100620527  22196.24
5157.13192501995  23283.37
5159.95284383462  23372.44
5162.7737626493  22369.52
5165.59468146397  19942.27
5168.41560027865  18099.77
5171.23651909333  18848.69
5174.057437908  19799.37
5176.87835672268  23139.42
5179.69927553736  23962.67
5182.52019435203  21344.34
5185.34111316671  20158.85
5188.16203198139  23263.68
5190.98295079606  23429.7
5193.80386961074  22572.79
5196.62478842542  23363.
5199.44570724009  24577.79
5202.26662605477  24802.47
5205.08754486944  23507.86
5207.90846368412  22520.52
5210.7293824988  23861.65
5213.55030131347  25017.63
5216.37122012815  24406.96
5219.19213894283  24695.87
5222.0130577575  25056.01
5224.83397657218  23287.46
5227.65489538686  22339.55
5230.47581420153  24271.45
5233.29673301621  25128.75
5236.11765183089  25526.31
5238.93857064556  27001.23
5241.75948946024  27378.11
5244.58040827492  26915.93
5247.40132708959  25808.
5250.22224590427  24699.04
5253.04316471895  25134.03
5255.86408353362  25966.48
5258.6850023483  27206.23
5261.50592116297  25791.72
5264.32683997765  22142.1
5267.14775879233  21145.69
5269.968677607  21892.81
5272.78959642168  23479.3
5275.61051523635  24976.28
5278.43143405103  26717.3
5281.25235286571  26717.81
5284.07327168038  26584.16
5286.89419049506  29095.12
5289.71510930974  30064.46
5292.53602812441  29591.73
5295.35694693909  27715.57
5298.17786575377  26346.98
5300.99878456844  27141.65
5303.81970338312  28770.63
5306.6406221978  30448.
5309.46154101247  30858.
5312.28245982715  30790.66
5315.10337864182  30229.23
5317.9242974565  29168.09
5320.74521627118  28792.72
5323.56613508585  28126.73
5326.38705390053  26554.69
5329.20797271521  25602.69
5332.02889152988  27551.5
5334.84981034456  29551.41
5337.67072915924  29504.3
5340.49164797391  28371.64
5343.31256678859  28751.8
5346.13348560327  29617.71
5348.95440441794  29277.81
5351.77532323262  30032.81
5354.59624204729  31693.11
5357.41716086197  32812.87
5360.23807967665  32545.72
5363.05899849132  31140.92
5365.879917306  30026.53
5368.70083612068  28820.68
5371.52175493535  28092.94
5374.34267375003  30072.45
5377.1635925647  31800.52
5379.98451137938  31269.28
5382.80543019406  30725.85
5385.62634900874  30981.24
5388.44726782341  30669.02
5391.26818663809  29556.52
5394.08910545276  28913.67
5396.91002426744  28286.2
5399.73094308212  28357.48
5402.55186189679  28836.67
5405.37278071147  27338.57
5408.19369952615  27426.37
5411.01461834082  28838.6
5413.8355371555  30542.55
5416.65645597018  31504.76
5419.47737478485  31619.2
5422.29829359953  31158.37
5425.11921241421  30986.39
5427.94013122888  31119.62
5430.76105004356  29283.94
5433.58196885823  29366.28
5436.40288767291  29858.67
5439.22380648759  32521.96
5442.04472530226  33591.25
5444.86564411694  32057.34
5447.68656293162  30600.17
5450.50748174629  32506.01
5453.32840056097  32734.75
5456.14931937564  31444.39
5458.97023819032  32415.87
5461.791157005  32224.21
5464.61207581968  31166.09
5467.43299463435  32191.77
5470.25391344903  32262.6
5473.0748322637  31423.03
5475.89575107838  30064.71
5478.71666989306  29499.26
5481.53758870773  30363.68
5484.35850752241  31634.26
5487.17942633709  32714.57
5490.00034515176  31902.01
5492.82126396644  32164.01
5495.64218278112  32448.33
5498.46310159579  33003.3
5501.28402041047  33059.89
5504.10493922514  31988.22
5506.92585803982  31634.78
5509.7467768545  31879.57
5512.56769566917  31510.23
5515.38861448385  31605.49
5518.20953329853  33185.69
5521.0304521132  33824.56
5523.85137092788  33454.38
5526.67228974255  32403.91
5529.49320855723  32203.24
5532.31412737191  32924.04
5535.13504618658  33047.83
5537.95596500126  33282.22
5540.77688381594  33973.12
5543.59780263061  34047.46
5546.41872144529  33786.64
5549.23964025997  34890.59
5552.06055907464  35051.73
5554.88147788932  33784.59
5557.702396704  34249.44
5560.52331551867  33892.43
5563.34423433335  33306.61
5566.16515314803  33300.96
5568.9860719627  33074.76
5571.80699077738  33155.2
5574.62790959205  33489.93
5577.44882840673  34006.7
5580.26974722141  34536.72
5583.09066603608  33910.95
5585.91158485076  32506.49
5588.73250366544  30363.84
5591.55342248011  31195.88
5594.37434129479  32185.07
5597.19526010947  33546.56
5600.01617892414  32907.66
5602.83709773882  31853.96
5605.65801655349  34093.64
5608.47893536817  36197.48
5611.29985418285  35868.46
5614.12077299752  34806.79
5616.9416918122  32342.98
5619.76261062688  33260.2
5622.58352944155  33678.62
5625.40444825623  33014.
5628.22536707091  33450.26
5631.04628588558  35777.3
5633.86720470026  35736.25
5636.68812351493  33892.65
5639.50904232961  33169.47
5642.32996114429  33039.12
5645.15087995896  33566.84
5647.97179877364  34489.34
5650.79271758832  34379.86
5653.61363640299  33889.11
5656.43455521767  33153.28
5659.25547403235  31978.09
5662.07639284702  32133.54
5664.8973116617  33719.29
5667.71823047638  34196.99
5670.53914929105  34358.73
5673.36006810573  35928.9
5676.18098692041  36439.37
5679.00190573508  35867.1
5681.82282454976  34752.5
5684.64374336444  33606.48
5687.46466217911  33495.85
5690.28558099379  34686.74
5693.10649980846  35584.04
5695.92741862314  35682.18
5698.74833743782  34736.35
5701.56925625249  33098.37
5704.39017506717  33225.28
5707.21109388184  32522.45
5710.03201269652  31232.53
5712.8529315112  32166.97
5715.67385032587  34712.61
5718.49476914055  36090.86
5721.31568795523  36449.11
5724.1366067699  36942.64
5726.95752558458  36585.42
5729.77844439926  36031.59
5732.59936321393  36048.83
5735.42028202861  36528.96
5738.24120084329  36517.82
5741.06211965796  36342.87
5743.88303847264  36103.96
5746.70395728731  36414.02
5749.52487610199  35554.1
5752.34579491667  35499.59
5755.16671373134  33997.68
5757.98763254602  35748.62
5760.8085513607  35130.12
5763.62947017537  34343.07
5766.45038899005  36487.02
5769.27130780473  37654.13
5772.0922266194  36745.23
5774.91314543408  35815.41
5777.73406424875  36360.59
5780.55498306343  34438.42
5783.37590187811  32024.58
5786.19682069278  32726.85
5789.01773950746  34942.99
5791.83865832214  35822.02
5794.65957713681  35589.79
5797.48049595149  35736.83
5800.30141476617  36010.16
5803.12233358084  36340.11
5805.94325239552  35246.47
5808.76417121019  35188.75
5811.58509002487  36528.43
5814.40600883955  36473.36
5817.22692765423  35940.07
5820.0478464689  37143.44
5822.86876528358  37723.34
5825.68968409825  37253.32
5828.51060291293  37605.09
5831.33152172761  37491.95
5834.15244054228  36709.4
5836.97335935696  36850.47
5839.79427817164  37275.08
5842.61519698631  38191.31
5845.43611580099  37734.29
5848.25703461567  36310.84
5851.07795343034  36311.04
5853.89887224502  35882.81
5856.71979105969  34946.56
5859.54070987437  34295.4
5862.36162868905  35637.47
5865.18254750372  36376.41
5868.0034663184  36376.07
5870.82438513308  37087.73
5873.64530394775  37317.06
5876.46622276243  37305.37
5879.2871415771  36251.3
5882.10806039178  35554.11
5884.92897920646  35872.03
5887.74989802113  34193.24
5890.57081683581  28131.49
5893.39173565049  29111.95
5896.21265446516  29919.47
5899.03357327984  31616.35
5901.85449209452  34834.84
5904.67541090919  35821.86
5907.49632972387  36143.69
5910.31724853855  36520.29
5913.13816735322  36498.73
5915.9590861679  35230.38
5918.78000498258  35551.07
5921.60092379725  36841.87
5924.42184261193  37144.03
5927.2427614266  37054.27
5930.06368024128  36056.04
5932.88459905596  36204.25
5935.70551787063  36424.58
5938.52643668531  36713.29
5941.34735549999  36652.54
5944.16827431466  36372.84
5946.98919312934  36781.84
5949.81011194401  36196.97
5952.63103075869  35727.8
5955.45194957337  35714.12
5958.27286838804  35751.41
5961.09378720272  36204.43
5963.9147060174  37050.14
5966.73562483207  36894.39
5969.55654364675  37315.53
5972.37746246143  37988.09
5975.1983812761  37001.21
5978.01930009078  35740.14
5980.84021890546  36215.09
5983.66113772013  35751.5
5986.48205653481  34992.36
5989.30297534949  36160.91
5992.12389416416  36403.94
5994.94481297884  36725.98
5997.76573179351  36107.55
6000.58665060819  35840.16
6003.40756942287  35975.66
6006.22848823754  35516.85
6009.04940705222  34798.87
6011.8703258669  35409.73
6014.69124468157  35254.49
6017.51216349625  35134.52
6020.33308231093  34936.1
6023.1540011256  35223.71
6025.97491994028  36104.14
6028.79583875496  36615.26
6031.61675756963  36992.66
6034.43767638431  37425.05
6037.25859519899  37598.94
6040.07951401366  37497.53
6042.90043282834  36965.71
6045.72135164301  37915.19
6048.54227045769  37935.89
6051.36318927237  37721.97
6054.18410808704  36953.36
6057.00502690172  36256.93
6059.8259457164  37066.49
6062.64686453107  36898.61
6065.46778334575  35842.34
6068.28870216042  36794.28
6071.1096209751  38433.23
6073.93053978978  38367.17
6076.75145860445  37640.88
6079.57237741913  36676.25
6082.39329623381  35976.97
6085.21421504848  35723.73
6088.03513386316  35982.01
6090.85605267783  36121.9
6093.67697149251  35530.53
6096.49789030719  36551.66
6099.31880912187  36994.89
6102.13972793654  35840.34
6104.96064675122  34985.49
6107.7815655659  36978.88
6110.60248438057  36807.43
6113.42340319525  36952.68
6116.24432200992  36810.56
6119.0652408246  36194.98
6121.88615963928  35420.65
6124.70707845395  35609.52
6127.52799726863  36095.07
6130.34891608331  35878.75
6133.16983489798  36764.11
6135.99075371266  34928.
6138.81167252733  32946.44
6141.63259134201  34875.25
6144.45351015669  36487.33
6147.27442897136  36956.68
6150.09534778604  35833.95
6152.91626660072  36108.43
6155.73718541539  35947.75
6158.55810423007  35395.13
6161.37902304474  33883.5
6164.19994185942  33001.02
6167.0208606741  34885.44
6169.84177948878  34683.98
6172.66269830345  35085.88
6175.48361711813  36169.59
6178.3045359328  36152.46
6181.12545474748  36725.69
6183.94637356216  37761.59
6186.76729237683  36485.06
6189.58821119151  35506.78
6192.40913000619  34873.36
6195.23004882086  36308.88
6198.05096763554  37639.55
6200.87188645022  36609.29
6203.69280526489  37221.81
6206.51372407957  37947.13
6209.33464289424  37898.93
6212.15556170892  37151.2
6214.9764805236  34938.41
6217.79739933827  34611.73
6220.61831815295  34651.28
6223.43923696763  35788.25
6226.2601557823  36261.42
6229.08107459698  35435.38
6231.90199341166  33697.87
6234.72291222633  35645.52
6237.54383104101  36916.09
6240.36474985569  35342.62
6243.18566867036  34338.22
6246.00658748504  34021.22
6248.82750629971  35334.12
6251.64842511439  35429.18
6254.46934392907  33740.32
6257.29026274374  33195.98
6260.11118155842  33875.32
6262.9321003731  35739.8
6265.75301918777  35986.9
6268.57393800245  35827.41
6271.39485681713  35468.63
6274.2157756318  36325.29
6277.03669444648  35696.32
6279.85761326115  34123.57
6282.67853207583  34243.7
6285.49945089051  35814.56
6288.32036970518  36776.51
6291.14128851986  36514.75
6293.96220733454  35737.93
6296.78312614921  35389.2
6299.60404496389  34749.34
6302.42496377857  34517.97
6305.24588259324  34832.48
6308.06680140792  36510.27
6310.88772022259  36536.33
6313.70863903727  35441.91
6316.52955785195  34396.02
6319.35047666662  33790.48
6322.1713954813  34940.37
6324.99231429598  36649.37
6327.81323311065  37201.98
6330.63415192533  36657.41
6333.45507074001  36892.72
6336.27598955468  35680.5
6339.09690836936  34882.18
6341.91782718404  35648.57
6344.73874599871  35378.83
6347.55966481339  36070.91
6350.38058362806  36987.23
6353.20150244274  36982.38
6356.02242125742  35930.84
6358.84334007209  34972.45
6361.66425888677  33955.12
6364.48517770145  33943.14
6367.30609651612  35449.78
6370.1270153308  36605.97
6372.94793414547  37297.31
6375.76885296015  37097.05
6378.58977177483  36874.94
6381.4106905895  36875.43
6384.23160940418  37032.61
6387.05252821886  37870.52
6389.87344703353  37986.23
6392.69436584821  36343.12
6395.51528466289  36110.17
6398.33620347756  36838.59
6401.15712229224  35917.88
6403.97804110692  37063.79
6406.79895992159  36663.65
6409.61987873627  35548.9
6412.44079755095  35872.89
6415.26171636562  36193.2
6418.0826351803  36674.91
6420.90355399497  35521.67
6423.72447280965  36463.45
6426.54539162433  37626.76
6429.366310439  37542.1
6432.18722925368  35888.56
6435.00814806836  36862.98
6437.82906688303  37033.52
6440.64998569771  36559.43
6443.47090451239  38214.53
6446.29182332706  38122.21
6449.11274214174  36756.23
6451.93366095641  34783.46
6454.75457977109  36508.46
6457.57549858577  36454.22
6460.39641740045  37294.81
6463.21733621512  36514.07
6466.0382550298  36967.55
6468.85917384447  37707.23
6471.68009265915  37101.34
6474.50101147383  36939.7
6477.3219302885  37312.63
6480.14284910318  37488.42
6482.96376791786  36575.5
6485.78468673253  36935.34
6488.60560554721  37977.41
6491.42652436188  37011.71
6494.24744317656  33995.51
6497.06836199124  31840.01
6499.88928080591  34015.29
6502.71019962059  36138.42
6505.53111843527  37269.2
6508.35203724994  37982.75
6511.17295606462  37552.79
6513.9938748793  37266.64
6516.81479369397  36760.48
6519.63571250865  36380.62
6522.45663132332  37579.27
6525.277550138  38180.92
6528.09846895268  37265.12
6530.91938776736  36902.52
6533.74030658203  37139.95
6536.56122539671  37422.09
6539.38214421138  38248.34
6542.20306302606  38573.12
6545.02398184074  37793.17
6547.84490065541  37137.65
6550.66581947009  37572.93
6553.48673828477  37166.17
6556.30765709944  36337.13
6559.12857591412  35308.1
6561.9494947288  30983.17
6564.77041354347  29844.35
6567.59133235815  35211.64
6570.41225117282  37035.2
6573.2331699875  36010.61
6576.05408880218  36479.15
6578.87500761685  37862.72
6581.69592643153  38066.69
6584.5168452462  37792.85
6587.33776406088  38158.18
6590.15868287556  38379.27
6592.97960169023  36754.53
6595.80052050491  36014.86
6598.62143931959  37338.54
6601.44235813426  38473.36
6604.26327694894  38466.44
6607.08419576362  37524.72
6609.90511457829  37041.17
6612.72603339297  38022.71
6615.54695220765  38962.95
6618.36787102232  39454.99
6621.188789837  39668.02
6624.00970865168  38643.43
6626.83062746635  37887.48
6629.65154628103  38275.81
6632.47246509571  36888.49
6635.29338391038  36028.46
6638.11430272506  37756.65
6640.93522153973  38254.11
6643.75614035441  37651.68
6646.57705916909  37761.07
6649.39797798376  38265.49
6652.21889679844  38830.61
6655.03981561312  38722.83
6657.86073442779  39178.56
6660.68165324247  38447.37
6663.50257205715  37305.37
6666.32349087182  37117.94
6669.1444096865  37570.93
6671.96532850118  38586.11
6674.78624731585  38756.59
6677.60716613053  37676.54
6680.4280849452  37305.94
6683.24900375988  38808.64
6686.06992257456  39320.34
6688.89084138923  39633.63
6691.71176020391  39298.3
6694.53267901859  38845.02
6697.35359783326  37753.13
6700.17451664794  38306.67
6702.99543546262  38595.26
6705.81635427729  37759.07
6708.63727309197  38191.25
6711.45819190664  38455.64
6714.27911072132  37081.98
6717.100029536  36308.57
6719.92094835067  37311.94
6722.74186716535  38779.99
6725.56278598003  38912.6
6728.3837047947  38529.49
6731.20462360938  39307.08
6734.02554242406  38964.7
6736.84646123873  38810.36
6739.66738005341  38001.94
6742.48829886809  37537.96
6745.30921768276  37592.57
6748.13013649744  38054.44
6750.95105531211  37636.37
6753.77197412679  37999.98
6756.59289294147  38260.3
6759.41381175614  39017.5
6762.23473057082  39473.36
6765.0556493855  38931.99
6767.87656820017  37880.84
6770.69748701485  37507.14
6773.51840582953  38069.02
6776.3393246442  38991.99
6779.16024345888  39069.29
6781.98116227355  39054.84
6784.80208108823  37842.35
6787.62299990291  37989.12
6790.44391871758  38920.4
6793.26483753226  38004.
6796.08575634694  37613.34
6798.90667516161  37872.
6801.72759397629  38435.09
6804.54851279097  38627.38
6807.36943160564  38426.32
6810.19035042032  38054.6
6813.011269235  38346.55
6815.83218804967  38413.7
6818.65310686435  38250.93
6821.47402567902  38318.11
6824.2949444937  38552.8
6827.11586330838  38481.27
6829.93678212305  38211.04
6832.75770093773  38578.77
6835.57861975241  38553.67
6838.39953856708  37314.44
6841.22045738176  35754.2
6844.04137619644  35716.64
6846.86229501111  37333.45
6849.68321382579  38281.51
6852.50413264046  38062.98
6855.32505145514  36929.72
6858.14597026982  36374.8
6860.96688908449  36465.95
6863.78780789917  36544.64
6866.60872671385  33249.77
6869.42964552852  28169.02
6872.2505643432  27725.43
6875.07148315788  29879.48
6877.89240197255  32459.17
6880.71332078723  34526.59
6883.53423960191  34887.39
6886.35515841658  34183.35
6889.17607723126  33814.53
6891.99699604594  34023.22
6894.81791486061  34029.36
6897.63883367529  34227.48
6900.45975248996  34662.75
6903.28067130464  35025.68
6906.10159011932  35437.14
6908.92250893399  35734.22
6911.74342774867  35626.83
6914.56434656335  35007.93
6917.38526537802  35037.34
6920.2061841927  36107.25
6923.02710300737  36252.5
6925.84802182205  35407.97
6928.66894063673  35503.03
6931.4898594514  35788.08
6934.31077826608  35624.
6937.13169708076  35857.65
6939.95261589543  36325.1
6942.77353471011  35753.84
6945.59445352479  35137.43
6948.41537233946  34921.74
6951.23629115414  34867.25
6954.05720996881  34621.87
6956.87812878349  35082.8
6959.69904759817  35624.94
6962.51996641285  35953.18
6965.34088522752  35932.62
6968.1618040422  36058.43
6970.98272285687  36006.59
6973.80364167155  35604.54
6976.62456048623  33882.45
6979.4454793009  32763.62
6982.26639811558  34421.49
6985.08731693026  35802.25
6987.90823574493  35422.9
6990.72915455961  35526.75
6993.55007337428  35608.13
6996.37099218896  35576.03
6999.19191100364  34958.62
7002.01282981831  34436.82
7004.83374863299  34149.9
7007.65466744767  34202.03
7010.47558626234  34644.18
7013.29650507702  34341.55
7016.1174238917  33186.61
7018.93834270637  33158.65
7021.75926152105  34302.02
7024.58018033572  33562.14
7027.4010991504  33193.24
7030.22201796508  34144.64
7033.04293677976  34761.01
7035.86385559443  34718.62
7038.68477440911  34158.59
7041.50569322378  34883.68
7044.32661203846  35503.67
7047.14753085314  35086.17
7049.96844966781  35249.18
7052.78936848249  34446.2
7055.61028729717  34243.96
7058.43120611184  34871.36
7061.25212492652  35117.87
7064.0730437412  34971.26
7066.89396255587  33861.88
7069.71488137055  33375.4
7072.53580018523  34736.51
7075.3567189999  35091.84
7078.17763781458  35089.33
7080.99855662925  35194.45
7083.81947544393  34163.46
7086.64039425861  33033.79
7089.46131307328  33382.76
7092.28223188796  33337.77
7095.10315070263  33399.69
7097.92406951731  33981.79
7100.74498833199  33843.18
7103.56590714667  33957.29
7106.38682596134  33699.22
7109.20774477602  33136.65
7112.02866359069  32563.9
7114.84958240537  32615.26
7117.67050122005  33025.22
7120.49142003472  32648.77
7123.3123388494  32451.59
7126.13325766408  32779.78
7128.95417647875  32500.61
7131.77509529343  32082.74
7134.59601410811  32357.85
7137.41693292278  33450.83
7140.23785173746  32981.48
7143.05877055213  32412.49
7145.87968936681  32282.73
7148.70060818149  31547.14
7151.52152699616  31649.79
7154.34244581084  32398.08
7157.16336462552  32644.59
7159.98428344019  32471.51
7162.80520225487  31793.75
7165.62612106955  30541.52
7168.44703988422  31068.44
7171.2679586989  31596.42
7174.08887751357  31220.83
7176.90979632825  30536.07
7179.73071514293  29811.82
7182.5516339576  28963.33
7185.37255277228  28022.75
7188.19347158696  27698.52
7191.01439040163  28304.1
7193.83530921631  28302.02
7196.65622803099  29419.09
7199.47714684566  29343.45
7202.29806566034  29071.3
7205.11898447502  29431.37
7207.93990328969  29132.32
7210.76082210437  30405.05
7213.58174091904  31439.12
7216.40265973372  31045.62
7219.2235785484  31228.39
7222.04449736307  30620.23
7224.86541617775  30453.75
7227.68633499243  31017.66
7230.5072538071  30940.44
7233.32817262178  30170.81
7236.14909143646  30049.26
7238.97001025113  30128.69
7241.79092906581  29967.75
7244.61184788048  29992.3
7247.43276669516  30362.17
7250.25368550984  30155.34
7253.07460432451  29376.85
7255.89552313919  29806.11
7258.71644195387  30394.4
7261.53736076854  29166.35
7264.35827958322  28907.29
7267.1791983979  29882.31
7270.00011721257  30176.1
7272.82103602725  29324.82
7275.64195484193  28800.72
7278.4628736566  28841.32
7281.28379247128  28946.82
7284.10471128595  28742.7
7286.92563010063  28368.59
7289.74654891531  27293.49
7292.56746772998  26755.28
7295.38838654466  28539.82
7298.20930535934  29813.99
7301.03022417401  29265.9
7303.85114298869  28849.51
7306.67206180337  29128.56
7309.49298061804  28424.1
7312.31389943272  28475.85
7315.13481824739  28905.92
7317.95573706207  28841.75
7320.77665587675  29026.59
7323.59757469143  29184.4
7326.4184935061  28849.97
7329.23941232078  28899.93
7332.06033113545  29083.69
7334.88124995013  29234.06
7337.70216876481  29849.76
7340.52308757948  30298.89
7343.34400639416  29502.47
7346.16492520884  29108.43
7348.98584402351  29099.64
7351.80676283819  28797.77
7354.62768165286  28352.17
7357.44860046754  28148.35
7360.26951928222  28702.56
7363.09043809689  28560.96
7365.91135691157  28559.13
7368.73227572625  28664.27
7371.55319454092  29298.47
7374.3741133556  29346.76
7377.19503217028  29067.35
7380.01595098495  29246.49
7382.83686979963  28743.74
7385.6577886143  27937.15
7388.47870742898  27180.94
7391.29962624366  27341.74
7394.12054505833  28423.19
7396.94146387301  28993.11
7399.76238268769  28638.18
7402.58330150236  28543.02
7405.40422031704  28976.31
7408.22513913172  28280.7
7411.04605794639  27905.36
7413.86697676107  27522.1
7416.68789557575  27105.49
7419.50881439042  27456.79
7422.3297332051  27323.26
7425.15065201978  27517.03
7427.97157083445  28508.77
7430.79248964913  28435.35
7433.6134084638  28023.85
7436.43432727848  28319.7
7439.25524609316  28180.69
7442.07616490783  27430.56
7444.89708372251  27057.92
7447.71800253719  27320.78
7450.53892135186  27615.81
7453.35984016654  28036.22
7456.18075898121  28171.59
7459.00167779589  27493.06
7461.82259661057  26824.29
7464.64351542524  27099.06
7467.46443423992  27967.57
7470.2853530546  28032.06
7473.10627186927  27478.76
7475.92719068395  27081.94
7478.74810949863  26967.38
7481.5690283133  27082.51
7484.38994712798  27063.7
7487.21086594266  27300.57
7490.03178475733  27419.02
7492.85270357201  26608.57
7495.67362238669  26091.53
7498.49454120136  26528.3
7501.31546001604  27040.82
7504.13637883071  26827.32
7506.95729764539  26666.37
7509.77821646007  26676.24
7512.59913527474  26635.15
7515.42005408942  26672.17
7518.2409729041  26752.56
7521.06189171877  26898.43
7523.88281053345  26408.78
7526.70372934813  26076.92
7529.5246481628  26051.57
7532.34556697748  26540.3
7535.16648579215  26693.38
7537.98740460683  26546.45
7540.80832342151  26473.46
7543.62924223618  26411.89
7546.45016105086  26072.72
7549.27107986554  25974.5
7552.09199868021  25966.29
7554.91291749489  25934.03
7557.73383630957  25875.88
7560.55475512424  25754.68
7563.37567393892  25979.96
7566.1965927536  25962.91
7569.01751156827  25467.23
7571.83843038295  25321.68
7574.65934919762  25561.34
7577.4802680123  25867.58
7580.30118682698  25761.32
7583.12210564165  25184.13
7585.94302445633  24732.64
7588.76394327101  24717.22
7591.58486208568  23110.74
7594.40578090036  17958.29
7597.22669971503  12809.51
7600.04761852971  9526.906
7602.86853734439  7695.933
7605.68945615906  7150.75
7608.51037497374  7999.218
7611.33129378842  9975.67
7614.15221260309  13499.03
7616.97313141777  17317.31
7619.79405023245  17888.22
7622.61496904712  15787.53
7625.4358878618  14018.85
7628.25680667648  13596.45
7631.07772549115  13455.72
7633.89864430583  13971.85
7636.71956312051  14540.04
7639.54048193518  15064.24
7642.36140074986  16144.13
7645.18231956454  16946.14
7648.00323837921  17606.07
7650.82415719389  18310.8
7653.64507600856  18375.39
7656.46599482324  18891.33
7659.28691363792  18641.06
7662.10783245259  19123.15
7664.92875126727  19576.77
7667.74967008195  20623.85
7670.57058889662  21782.71
7673.3915077113  22194.12
7676.21242652598  22349.32
7679.03334534065  22424.49
7681.85426415533  22429.48
7684.67518297001  22779.58
7687.49610178468  22518.56
7690.31702059936  22491.19
7693.13793941404  22578.51
7695.95885822871  22252.04
7698.77977704339  22047.11
7701.60069585806  22423.58
7704.42161467274  23047.55
7707.24253348742  22881.32
7710.06345230209  22374.02
7712.88437111677  21581.96
7715.70528993144  21336.39
7718.52620874612  22126.36
7721.3471275608  22239.44
7724.16804637547  22148.29
7726.98896519015  22242.5
7729.80988400483  22303.16
7732.6308028195  22272.63
7735.45172163418  22529.02
7738.27264044886  22802.81
7741.09355926353  22694.09
7743.91447807821  22464.14
7746.73539689289  21765.66
7749.55631570756  21276.63
7752.37723452224  21824.44
7755.19815333692  22519.58
7758.01907215159  22765.08
7760.83999096627  22728.85
7763.66090978094  22691.71
7766.48182859562  22640.82
7769.3027474103  22609.54
7772.12366622497  22479.2
7774.94458503965  22389.68
7777.76550385433  22200.62
7780.586422669  21945.76
7783.40734148368  22095.21
7786.22826029835  22240.83
7789.04917911303  22106.4
7791.87009792771  22097.32
7794.69101674238  22250.79
7797.51193555706  22060.81
7800.33285437174  21667.16
7803.15377318641  21745.93
7805.97469200109  21897.07
7808.79561081577  21545.21
7811.61652963044  21500.66
7814.43744844512  21749.38
7817.25836725979  21928.03
7820.07928607447  21941.26
7822.90020488915  21675.36
7825.72112370382  21823.25
7828.5420425185  21723.63
7831.36296133318  21265.59
7834.18388014785  20570.91
7837.00479896253  20544.34
7839.82571777721  20987.49
7842.64663659188  21214.01
7845.46755540656  20935.94
7848.28847422124  21064.25
7851.10939303591  20715.52
7853.93031185059  20486.49
7856.75123066527  20273.44
7859.57214947994  20563.87
7862.39306829462  20697.65
7865.21398710929  20771.95
7868.03490592397  20586.84
7870.85582473865  20106.12
7873.67674355332  19531.74
7876.497662368  19442.01
7879.31858118268  19299.46
7882.13949999735  19231.63
7884.96041881203  19254.91
7887.7813376267  19380.9
7890.60225644138  19330.17
7893.42317525606  18844.48
7896.24409407073  18337.18
7899.06501288541  18246.34
7901.88593170009  18424.87
7904.70685051476  18583.87
7907.52776932944  18526.85
7910.34868814412  18145.16
7913.16960695879  17738.46
7915.99052577347  17561.45
7918.81144458815  17142.05
7921.63236340282  17440.51
7924.4532822175  17756.34
7927.27420103218  17563.71
7930.09511984685  17375.62
7932.91603866153  17340.75
7935.7369574762  17211.39
7938.55787629088  17079.8
7941.37879510556  17063.92
7944.19971392023  16788.23
7947.02063273491  16645.11
7949.84155154959  17050.13
7952.66247036426  17227.51
7955.48338917894  17094.05
7958.30430799361  17139.57
7961.12522680829  17016.56
7963.94614562297  16899.17
7966.76706443764  17164.01
7969.58798325232  17128.24
7972.408902067  17021.47
7975.22982088167  17234.34
7978.05073969635  17141.26
7980.87165851103  16998.46
7983.6925773257  17068.48
7986.51349614038  16918.9
7989.33441495506  16813.52
7992.15533376973  17111.48
7994.97625258441  16652.06
7997.79717139909  16194.01
8000.61809021376  16044.35
8003.43900902844  16290.79
8006.25992784311  16515.97
8009.08084665779  16324.28
8011.90176547247  16393.36
8014.72268428714  16507.89
8017.54360310182  16409.98
8020.3645219165  16705.69
8023.18544073117  16395.34
8026.00635954585  15869.97
8028.82727836053  15631.04
8031.6481971752  15902.07
8034.46911598988  16191.85
8037.29003480455  16353.02
8040.11095361923  16444.43
8042.93187243391  15915.31
8045.75279124859  15431.15
8048.57371006326  15191.97
8051.39462887794  15281.03
8054.21554769261  15606.68
8057.03646650729  15829.37
8059.85738532197  15805.97
8062.67830413664  15868.62
8065.49922295132  15680.49
8068.32014176599  15215.63
8071.14106058067  14911.51
8073.96197939535  14697.3
8076.78289821002  14688.71
8079.6038170247  14896.38
8082.42473583938  14743.18
8085.24565465405  14546.44
8088.06657346873  14780.05
8090.88749228341  14442.07
8093.70841109808  13704.44
8096.52932991276  13744.95
8099.35024872744  14012.79
8102.17116754211  13989.05
8104.99208635679  13832.46
8107.81300517146  13637.07
8110.63392398614  13754.81
8113.45484280082  13825.41
8116.27576161549  13646.33
8119.09668043017  13736.48
8121.91759924485  13904.51
8124.73851805952  13909.06
8127.5594368742  13688.73
8130.38035568888  13427.79
8133.20127450355  13234.19
8136.02219331823  13254.87
8138.84311213291  13296.12
8141.66403094758  13154.13
8144.48494976226  13016.95
8147.30586857693  12833.45
8150.12678739161  12652.62
8152.94770620629  12589.74
8155.76862502096  12645.52
8158.58954383564  12914.06
8161.41046265032  12456.58
8164.23138146499  11890.58
8167.05230027967  12091.94
8169.87321909435  12113.22
8172.69413790902  12581.4
8175.5150567237  12375.33
8178.33597553837  11954.12
8181.15689435305  11990.53
8183.97781316773  12049.7
8186.7987319824  12019.42
8189.61965079708  12068.72
8192.44056961176  12254.06
8195.26148842643  11962.98
8198.08240724111  11582.2
8200.90332605579  11818.7
8203.72424487046  12157.62
8206.54516368514  12377.7
8209.36608249982  12478.67
8212.18700131449  12208.38
8215.00792012917  12045.78
8217.82883894385  12098.97
8220.64975775852  11988.61
8223.4706765732  11814.91
8226.29159538787  11340.69
8229.11251420255  10741.85
8231.93343301723  10757.62
8234.7543518319  11264.96
8237.57527064658  11801.31
8240.39618946125  12019.12
8243.21710827593  12076.17
8246.03802709061  12110.02
8248.85894590528  12315.72
8251.67986471996  12119.94
8254.50078353464  11857.41
8257.32170234931  11633.64
8260.14262116399  11690.33
8262.96353997867  12097.89
8265.78445879334  11938.18
8268.60537760802  11875.77
8271.42629642269  11923.46
8274.24721523737  11346.6
8277.06813405205  10987.89
8279.88905286673  11189.53
8282.7099716814  11290.13
8285.53089049608  11366.33
8288.35180931075  10975.68
8291.17272812543  10934.99
8293.99364694011  11037.63
8296.81456575478  10948.57
8299.63548456946  10869.63
8302.45640338414  10903.72
8305.27732219881  10659.43
8308.09824101349  10616.98
8310.91915982817  10584.44
8313.74007864284  10589.32
8316.56099745752  10847.4
8319.38191627219  10769.22
8322.20283508687  10485.32
8325.02375390155  10508.4
8327.84467271622  10569.81
8330.6655915309  10359.07
8333.48651034558  10265.88
8336.30742916025  10203.46
8339.12834797493  10268.94
8341.9492667896  10195.35
8344.77018560428  10563.78
8347.59110441896  10511.72
8350.41202323364  10329.35
8353.23294204831  10548.6
8356.05386086299  10591.59
8358.87477967767  10515.3
8361.69569849234  10533.42
8364.51661730702  10335.88
8367.33753612169  10257.19
8370.15845493637  10542.02
8372.97937375105  10315.89
8375.80029256572  10385.97
8378.6212113804  10301.41
8381.44213019508  10372.06
8384.26304900975  10094.52
8387.08396782443  9918.648
8389.90488663911  9819.89
8392.72580545378  9902.185
8395.54672426846  10386.44
8398.36764308313  10383.84
8401.18856189781  10133.06
8404.00948071249  10168.09
8406.83039952716  10230.11
8409.65131834184  10136.08
8412.47223715651  10035.71
8415.29315597119  10015.53
8418.11407478587  9986.299
8420.93499360055  9983.874
8423.75591241522  9919.507
8426.5768312299  9713.626
8429.39775004458  9583.342
8432.21866885925  10044.1
8435.03958767393  9944.591
8437.8605064886  9414.293
8440.68142530328  9417.063
8443.50234411796  9541.137
8446.32326293263  9654.757
8449.14418174731  9460.163
8451.96510056199  9693.827
8454.78601937666  9875.13
8457.60693819134  9658.157
8460.42785700601  9504.231
8463.24877582069  9715.677
8466.06969463537  9591.979
8468.89061345004  9237.61
8471.71153226472  9122.501
8474.5324510794  9233.521
8477.35336989407  9475.397
8480.17428870875  9435.978
8482.99520752343  9204.949
8485.8161263381  9262.594
8488.63704515278  9277.823
8491.45796396746  9213.075
8494.27888278213  9141.706
8497.09980159681  8511.649
8499.92072041148  7314.307
8502.74163922616  7111.944
8505.56255804084  8084.461
8508.38347685551  8693.24
8511.20439567019  9104.201
8514.02531448487  8879.783
8516.84623329954  8439.251
8519.66715211422  8328.352
8522.4880709289  8537.569
8525.30898974357  8662.117
8528.12990855825  8493.448
8530.95082737292  8484.82
8533.7717461876  8554.901
8536.59266500228  8393.244
8539.41358381695  7602.564
8542.23450263163  6218.684
8545.05542144631  4951.869
8547.87634026098  5797.626
8550.69725907566  7092.278
8553.51817789034  7855.431
8556.33909670501  8092.983
8559.16001551969  8146.678
8561.98093433437  8288.937
8564.80185314904  8328.955
8567.62277196372  8274.889
8570.4436907784  8190.218
8573.26460959307  8153.864
8576.08552840775  8168.017
8578.90644722242  8138.386
8581.7273660371  8127.33
8584.54828485178  7973.26
8587.36920366645  7847.207
8590.19012248113  7948.649
8593.01104129581  7828.894
8595.83196011048  7849.045
8598.65287892516  7850.124
8601.47379773983  7786.562
8604.29471655451  7940.646
8607.11563536919  7862.902
8609.93655418386  7676.439
8612.75747299854  7618.904
8615.57839181322  7654.283
8618.3993106279  7714.202
8621.22022944257  7810.244
8624.04114825725  7616.2
8626.86206707192  7647.836
8629.6829858866  7733.882
8632.50390470128  7702.783
8635.32482351595  7633.356
8638.14574233063  7736.964
8640.9666611453  7780.957
8643.78757995998  7604.404
8646.60849877466  7526.951
8649.42941758933  7447.987
8652.25033640401  7271.746
8655.07125521869  7168.989
8657.89217403336  7076.091
8660.71309284804  6713.343
8663.53401166272  5489.003
8666.35493047739  4542.353
8669.17584929207  5525.919
8671.99676810674  6478.646
8674.81768692142  6668.939
8677.6386057361  6595.927
8680.45952455077  6805.932
8683.28044336545  6857.427
8686.10136218013  6749.292
8688.9222809948  6768.461
8691.74319980948  6520.455
8694.56411862415  6645.064
8697.38503743883  6931.932
8700.20595625351  6836.15
8703.02687506818  6719.035
8705.84779388286  6645.73
8708.66871269754  6690.571
8711.48963151222  6716.479
8714.31055032689  6546.071
8717.13146914157  6517.778
8719.95238795624  6674.433
8722.77330677092  6755.163
8725.5942255856  6727.351
8728.41514440027  6644.596
8731.23606321495  6510.195
8734.05698202963  6410.108
8736.8779008443  6512.425
8739.69881965898  6348.884
8742.51973847366  6387.644
8745.34065728833  6357.315
8748.16157610301  6349.948
8750.98249491768  6317.582
8753.80341373236  6173.4
8756.62433254704  6089.257
8759.44525136171  6227.139
8762.26617017639  6267.959
8765.08708899106  6302.329
8767.90800780574  6176.113
8770.72892662042  6137.963
8773.5498454351  6124.209
8776.37076424977  5979.658
8779.19168306445  6032.658
8782.01260187913  6111.174
8784.8335206938  6083.688
8787.65443950848  6106.785
8790.47535832315  6080.674
8793.29627713783  5960.56
8796.11719595251  5783.93
8798.93811476718  5770.102
8801.75903358186  5790.565
8804.57995239654  5939.683
8807.40087121121  5766.86
8810.22179002589  5229.298
8813.04270884056  5282.458
8815.86362765524  5723.202
8818.68454646992  5853.847
8821.50546528459  5830.733
8824.32638409927  5670.683
8827.14730291395  5429.621
8829.96822172862  5488.08
8832.7891405433  5669.756
8835.61005935798  5677.442
8838.43097817265  5636.759
8841.25189698733  5503.761
8844.072815802  5391.107
8846.89373461668  5448.112
8849.71465343136  5488.71
8852.53557224604  5530.667
8855.35649106071  5538.053
8858.17740987539  5395.714
8860.99832869006  5392.423
8863.81924750474  5359.302
8866.64016631942  5145.385
8869.46108513409  5060.024
8872.28200394877  4995.083
8875.10292276345  5181.289
8877.92384157812  5282.828
8880.7447603928  5194.139
8883.56567920748  5095.397
8886.38659802215  5138.151
8889.20751683683  5085.454
8892.0284356515  5103.237
8894.84935446618  5052.063
8897.67027328086  5012.49
8900.49119209553  5033.874
8903.31211091021  5060.751
8906.13302972489  4994.983
8908.95394853956  4878.671
8911.77486735424  4856.751
8914.59578616891  4806.192
8917.41670498359  4757.584
8920.23762379827  4793.779
8923.05854261295  4833.251
8925.87946142762  4740.163
8928.7003802423  4673.409
8931.52129905697  4520.461
8934.34221787165  4483.622
8937.16313668633  4590.255
8939.984055501  4681.615
8942.80497431568  4625.276
8945.62589313036  4496.914
8948.44681194503  4316.514
8951.26773075971  4132.64
8954.08864957438  4190.61
8956.90956838906  4239.209
8959.73048720374  4219.007
8962.55140601842  4250.94
8965.37232483309  4062.972
8968.19324364777  3838.056
8971.01416246244  3917.294
8973.83508127712  3929.915
8976.6560000918  3826.046
8979.47691890647  3885.905
8982.29783772115  3970.167
8985.11875653582  3951.602
8987.9396753505  4255.713
