3214.1699043724  3085.894
3216.99083553424  835.6458
3219.81176669607  476.3918
3222.63269785791  541.5792
3225.45362901974  546.2349
3228.27456018158  582.7549
3231.09549134341  624.1826
3233.91642250525  602.1152
3236.73735366708  563.1599
3239.55828482891  547.7022
3242.37921599075  578.5479
3245.20014715258  653.5253
3248.02107831442  694.4965
3250.84200947625  734.308
3253.66294063809  766.3815
3256.48387179992  718.4088
3259.30480296176  711.7899
3262.12573412359  760.3353
3264.94666528543  830.553
3267.76759644726  891.1769
3270.5885276091  937.1811
3273.40945877093  924.362
3276.23038993277  895.772
3279.0513210946  904.1204
3281.87225225643  855.6208
3284.69318341827  775.5325
3287.5141145801  822.5917
3290.33504574194  907.0117
3293.15597690377  953.3221
3295.97690806561  1002.973
3298.79783922744  1080.916
3301.61877038928  1140.143
3304.43970155111  1158.909
3307.26063271294  1181.902
3310.08156387478  1107.891
3312.90249503661  1069.82
3315.72342619845  1118.67
3318.54435736028  1147.38
3321.36528852212  1133.168
3324.18621968395  1186.237
3327.00715084579  1181.997
3329.82808200762  1135.105
3332.64901316946  1150.883
3335.46994433129  1207.73
3338.29087549313  1245.475
3341.11180665496  1196.305
3343.9327378168  1155.394
3346.75366897863  1212.791
3349.57460014046  1316.301
3352.3955313023  1297.563
3355.21646246413  1239.78
3358.03739362597  1291.144
3360.8583247878  1382.445
3363.67925594964  1352.309
3366.50018711147  1258.632
3369.32111827331  1314.938
3372.14204943514  1341.82
3374.96298059698  1301.542
3377.78391175881  1321.806
3380.60484292064  1432.521
3383.42577408248  1449.008
3386.24670524431  1388.536
3389.06763640615  1506.896
3391.88856756798  1600.529
3394.70949872982  1539.335
3397.53042989165  1491.542
3400.35136105349  1585.106
3403.17229221532  1709.828
3405.99322337716  1706.265
3408.81415453899  1657.924
3411.63508570083  1640.237
3414.45601686266  1673.543
3417.27694802449  1705.959
3420.09787918633  1763.636
3422.91881034816  1844.696
3425.73974151  1827.31
3428.56067267183  1812.324
3431.38160383367  1879.799
3434.2025349955  1962.188
3437.02346615734  1937.848
3439.84439731917  1873.717
3442.66532848101  1809.057
3445.48625964284  1674.978
3448.30719080468  1694.019
3451.12812196651  1881.959
3453.94905312835  1934.449
3456.76998429018  1831.931
3459.59091545201  1806.987
3462.41184661385  1801.385
3465.23277777568  1789.725
3468.05370893752  1876.429
3470.87464009935  2028.862
3473.69557126119  2086.076
3476.51650242302  1982.262
3479.33743358486  1921.973
3482.15836474669  1961.817
3484.97929590853  2076.918
3487.80022707036  2158.668
3490.62115823219  2173.281
3493.44208939403  2168.226
3496.26302055586  2066.23
3499.0839517177  2002.186
3501.90488287953  2084.737
3504.72581404137  2290.87
3507.5467452032  2354.294
3510.36767636504  2302.7
3513.18860752687  2297.592
3516.00953868871  2346.503
3518.83046985054  2450.057
3521.65140101238  2443.126
3524.47233217421  2436.605
3527.29326333604  2418.716
3530.11419449788  2463.027
3532.93512565971  2587.111
3535.75605682155  2575.098
3538.57698798338  2614.176
3541.39791914522  2665.617
3544.21885030705  2760.319
3547.03978146889  2793.53
3549.86071263072  2775.774
3552.68164379256  2814.916
3555.50257495439  2858.127
3558.32350611622  2834.131
3561.14443727806  2808.215
3563.96536843989  2820.743
3566.78629960173  2727.38
3569.60723076356  2686.277
3572.4281619254  2677.944
3575.24909308723  2692.082
3578.07002424907  2728.009
3580.8909554109  2795.235
3583.71188657274  2833.455
3586.53281773457  2727.753
3589.35374889641  2629.992
3592.17468005824  2733.456
3594.99561122008  2907.382
3597.81654238191  3040.314
3600.63747354374  3135.749
3603.45840470558  3103.735
3606.27933586741  2972.095
3609.10026702925  3013.511
3611.92119819108  2922.93
3614.74212935292  2879.343
3617.56306051475  2937.167
3620.38399167659  3004.776
3623.20492283842  3027.648
3626.02585400026  3163.256
3628.84678516209  3240.457
3631.66771632392  3116.064
3634.48864748576  3068.14
3637.30957864759  3234.802
3640.13050980943  3314.278
3642.95144097126  3211.519
3645.7723721331  3164.659
3648.59330329493  3218.939
3651.41423445677  3285.907
3654.2351656186  3464.858
3657.05609678044  3639.708
3659.87702794227  3644.037
3662.69795910411  3585.571
3665.51889026594  3570.67
3668.33982142777  3637.993
3671.16075258961  3742.183
3673.98168375144  3741.45
3676.80261491328  3728.998
3679.62354607511  3718.114
3682.44447723695  3795.715
3685.26540839878  3914.029
3688.08633956062  4147.978
3690.90727072245  4446.596
3693.72820188429  4658.328
3696.54913304612  4802.293
3699.37006420796  5012.368
3702.19099536979  5155.248
3705.01192653162  4832.08
3707.83285769346  4901.043
3710.65378885529  5137.121
3713.47472001713  5331.168
3716.29565117896  6155.482
3719.1165823408  6442.064
3721.93751350263  5761.422
3724.75844466447  5901.961
3727.5793758263  6864.002
3730.40030698814  6961.163
3733.22123814997  5910.4
3736.04216931181  5302.106
3738.86310047364  6694.285
3741.68403163547  8101.725
3744.50496279731  7716.572
3747.32589395914  6175.132
3750.14682512098  5393.56
3752.96775628281  6447.773
3755.78868744465  8094.342
3758.60961860648  8582.128
3761.43054976832  8454.735
3764.25148093015  8399.641
3767.07241209199  7584.712
3769.89334325382  6441.714
3772.71427441566  6609.589
3775.53520557749  8395.898
3778.35613673932  10352.61
3781.17706790116  11822.07
3783.99799906299  12099.13
3786.81893022483  11220.72
3789.63986138666  10226.89
3792.4607925485  9280.651
3795.28172371033  7643.333
3798.10265487217  6584.685
3800.923586034  8019.141
3803.74451719584  10430.27
3806.56544835767  11962.5
3809.3863795195  12876.67
3812.20731068134  12942.37
3815.02824184317  12345.18
3817.84917300501  12731.16
3820.67010416684  12961.12
3823.49103532868  11927.38
3826.31196649051  10787.27
3829.13289765235  9416.354
3831.95382881418  7785.453
3834.77475997602  6394.067
3837.59569113785  7021.13
3840.41662229969  9395.056
3843.23755346152  11528.79
3846.05848462335  12888.13
3848.87941578519  13786.72
3851.70034694702  14493.19
3854.52127810886  14811.83
3857.34220927069  14651.62
3860.16314043253  14884.21
3862.98407159436  15477.88
3865.8050027562  15892.82
3868.62593391803  15927.79
3871.44686507987  15196.78
3874.2677962417  14339.81
3877.08872740354  13892.52
3879.90965856537  12812.81
3882.7305897272  11114.91
3885.55152088904  8841.204
3888.37245205087  7343.343
3891.19338321271  8195.975
3894.01431437454  10389.85
3896.83524553638  12022.13
3899.65617669821  13276.1
3902.47710786005  14057.09
3905.29803902188  14415.22
3908.11897018372  15456.9
3910.93990134555  15946.25
3913.76083250739  15242.19
3916.58176366922  14730.63
3919.40269483105  14844.45
3922.22362599289  14650.29
3925.04455715472  13188.4
3927.86548831656  10015.32
3930.68641947839  6160.838
3933.50735064023  4636.349
3936.32828180206  7063.74
3939.1492129639  11116.97
3941.97014412573  13551.95
3944.79107528757  14248.62
3947.6120064494  14388.94
3950.43293761123  14302.67
3953.25386877307  14331.38
3956.0747999349  14001.4
3958.89573109674  12868.35
3961.71666225857  10554.77
3964.53759342041  7250.75
3967.35852458224  4608.935
3970.17945574408  5010.005
3973.00038690591  8007.339
3975.82131806775  11147.22
3978.64224922958  13142.38
3981.46318039142  14081.98
3984.28411155325  14862.89
3987.10504271508  15807.08
3989.92597387692  16244.25
3992.74690503875  16479.96
3995.56783620059  16132.72
3998.38876736242  15878.87
4001.20969852426  15934.45
4004.03062968609  15987.74
4006.85156084793  16227.13
4009.67249200976  16966.21
4012.4934231716  17322.19
4015.31435433343  17376.17
4018.13528549526  17670.61
4020.9562166571  17661.67
4023.77714781894  17111.6
4026.59807898077  16922.4
4029.4190101426  16411.08
4032.23994130444  16268.06
4035.06087246627  17128.88
4037.88180362811  17977.42
4040.70273478994  17923.39
4043.52366595178  17264.28
4046.34459711361  17299.81
4049.16552827545  17469.71
4051.98645943728  17363.08
4054.80739059911  17242.38
4057.62832176095  17763.89
4060.44925292278  17970.63
4063.27018408462  17544.11
4066.09111524645  17440.54
4068.91204640829  17370.02
4071.73297757012  17256.31
4074.55390873196  16627.48
4077.37483989379  16460.66
4080.19577105563  17145.81
4083.01670221746  17161.94
4085.8376333793  16670.78
4088.65856454113  16629.87
4091.47949570296  15773.14
4094.3004268648  14101.13
4097.12135802663  11533.28
4099.94228918847  9490.768
4102.7632203503  10006.57
4105.58415151214  12664.
4108.40508267397  14792.85
4111.22601383581  16152.74
4114.04694499764  17464.92
4116.86787615948  17913.18
4119.68880732131  17660.64
4122.50973848315  17631.4
4125.33066964498  17631.54
4128.15160080682  17233.72
4130.97253196865  17751.83
4133.79346313048  18562.19
4136.61439429232  19569.11
4139.43532545415  19876.66
4142.25625661599  19314.39
4145.07718777782  19285.23
4147.89811893966  19589.93
4150.71905010149  19240.09
4153.53998126333  19092.61
4156.36091242516  19068.4
4159.181843587  19305.85
4162.00277474883  19572.25
4164.82370591067  19923.81
4167.6446370725  19448.8
4170.46556823433  18068.96
4173.28649939617  17107.65
4176.107430558  17327.27
4178.92836171984  17816.13
4181.74929288167  18386.31
4184.57022404351  18575.59
4187.39115520534  18793.95
4190.21208636718  19347.11
4193.03301752901  19587.1
4195.85394869084  18906.72
4198.67487985268  18136.34
4201.49581101451  18061.57
4204.31674217635  18291.48
4207.13767333818  18767.52
4209.95860450002  19214.49
4212.77953566185  19144.51
4215.60046682369  19026.2
4218.42139798552  19064.28
4221.24232914736  18786.62
4224.06326030919  17895.89
4226.88419147102  18006.37
4229.70512263286  18834.33
4232.5260537947  18522.62
4235.34698495653  18440.85
4238.16791611837  18864.01
4240.9888472802  19129.41
4243.80977844203  18885.4
4246.63070960387  18362.43
4249.4516407657  18384.79
4252.27257192754  18934.47
4255.09350308937  19408.44
4257.91443425121  19057.15
4260.73536541304  19188.84
4263.55629657488  20208.85
4266.37722773671  20201.25
4269.19815889854  19213.07
4272.01909006038  18725.59
4274.84002122221  19107.28
4277.66095238405  20053.16
4280.48188354588  19868.49
4283.30281470772  19257.72
4286.12374586955  18842.77
4288.94467703139  18254.84
4291.76560819322  18386.68
4294.58653935506  18356.56
4297.40747051689  17807.6
4300.22840167872  17169.67
4303.04933284056  17538.66
4305.8702640024  18331.25
4308.69119516423  18768.18
4311.51212632606  18496.5
4314.3330574879  18268.66
4317.15398864973  18788.48
4319.97491981157  18753.5
4322.7958509734  18296.29
4325.61678213524  17788.69
4328.43771329707  17180.32
4331.25864445891  16116.59
4334.07957562074  14263.92
4336.90050678258  11493.73
4339.72143794441  9941.889
4342.54236910624  11852.84
4345.36330026808  15066.87
4348.18423142991  16823.32
4351.00516259175  17444.31
4353.82609375358  18894.09
4356.64702491542  19731.88
4359.46795607725  20287.11
4362.28888723909  20915.1
4365.10981840092  20521.55
4367.93074956276  20065.85
4370.75168072459  19930.58
4373.57261188643  19815.12
4376.39354304826  20325.42
4379.21447421009  20553.05
4382.03540537193  19410.04
4384.85633653376  18861.11
4387.6772676956  19677.4
4390.49819885743  19662.24
4393.31913001927  18930.26
4396.1400611811  18756.44
4398.96099234294  18842.16
4401.78192350477  19446.35
4404.60285466661  20282.35
4407.42378582844  20394.98
4410.24471699028  20090.02
4413.06564815211  19640.36
4415.88657931394  19073.61
4418.70751047578  19975.84
4421.52844163761  20949.41
4424.34937279945  21452.74
4427.17030396128  21448.17
4429.99123512312  21276.89
4432.81216628495  21236.86
4435.63309744679  21700.31
4438.45402860862  21820.35
4441.27495977046  20461.29
4444.09589093229  20535.72
4446.91682209413  21570.24
4449.73775325596  21563.24
4452.55868441779  21293.29
4455.37961557963  21017.43
4458.20054674146  20978.81
4461.0214779033  21007.78
4463.84240906513  20877.28
4466.66334022697  20771.15
4469.4842713888  20885.08
4472.30520255064  21831.72
4475.12613371247  22378.89
4477.94706487431  21753.11
4480.76799603614  21105.4
4483.58892719798  21435.66
4486.40985835981  21594.85
4489.23078952164  21087.12
4492.05172068348  21106.87
4494.87265184531  21771.46
4497.69358300715  21908.6
4500.51451416898  21930.97
4503.33544533082  22352.36
4506.15637649265  22204.85
4508.97730765449  22268.59
4511.79823881632  22287.21
4514.61916997816  21739.18
4517.44010113999  21025.75
4520.26103230183  20735.02
4523.08196346366  20685.38
4525.90289462549  20439.35
4528.72382578733  20453.75
4531.54475694916  20500.11
4534.365688111  21016.99
4537.18661927283  21674.47
4540.00755043467  21305.42
4542.8284815965  20999.86
4545.64941275834  20693.81
4548.47034392017  19843.2
4551.291275082  19748.61
4554.11220624384  19717.1
4556.93313740567  20347.17
4559.75406856751  21318.4
4562.57499972934  21189.87
4565.39593089118  21464.33
4568.21686205301  21704.15
4571.03779321485  21403.21
4573.85872437668  21203.56
4576.67965553852  21278.37
4579.50058670035  20298.14
4582.32151786219  19387.03
4585.14244902402  19978.42
4587.96338018586  20634.94
4590.78431134769  20647.19
4593.60524250952  20984.04
4596.42617367136  21634.12
4599.24710483319  21775.96
4602.06803599503  21884.66
4604.88896715686  22231.87
4607.7098983187  22356.4
4610.53082948053  22622.71
4613.35176064237  22241.97
4616.1726918042  21714.65
4618.99362296604  21440.4
4621.81455412787  22093.06
4624.63548528971  22287.73
4627.45641645154  21746.02
4630.27734761337  21270.17
4633.09827877521  21468.65
4635.91920993704  21472.71
4638.74014109888  21863.49
4641.56107226071  22309.26
4644.38200342255  22183.15
4647.20293458438  21898.07
4650.02386574622  22273.66
4652.84479690805  22374.28
4655.66572806989  22304.86
4658.48665923172  22462.68
4661.30759039356  22504.11
4664.12852155539  22096.74
4666.94945271722  21376.68
4669.77038387906  21845.3
4672.59131504089  22836.75
4675.41224620273  23359.14
4678.23317736456  23537.27
4681.0541085264  23365.14
4683.87503968823  23539.64
4686.69597085007  23846.38
4689.5169020119  23752.71
4692.33783317374  23650.46
4695.15876433557  23778.65
4697.9796954974  23494.19
4700.80062665924  23437.93
4703.62155782107  23504.91
4706.44248898291  23529.06
4709.26342014474  23697.
4712.08435130658  23967.97
4714.90528246841  24468.75
4717.72621363025  24783.31
4720.54714479208  24852.09
4723.36807595392  24950.8
4726.18900711575  24840.35
4729.00993827759  24379.61
4731.83086943942  24493.16
4734.65180060125  24894.92
4737.47273176309  25088.1
4740.29366292492  25578.74
4743.11459408676  25854.49
4745.93552524859  25980.04
4748.75645641043  26183.57
4751.57738757226  26154.24
4754.3983187341  25896.87
4757.21924989593  25976.12
4760.04018105777  25910.1
4762.8611122196  24677.49
4765.68204338144  25080.25
4768.50297454327  26144.35
4771.3239057051  26660.96
4774.14483686694  27183.38
4776.96576802877  26940.34
4779.78669919061  26919.71
4782.60763035244  27285.44
4785.42856151428  27209.75
4788.24949267611  27201.99
4791.07042383795  27635.59
4793.89135499978  28458.09
4796.71228616162  28433.51
4799.53321732345  27909.72
4802.35414848529  27718.94
4805.17507964712  27634.46
4807.99601080896  28186.79
4810.81694197079  28507.99
4813.63787313262  28538.98
4816.45880429446  29188.07
4819.27973545629  29122.13
4822.10066661813  28237.91
4824.92159777996  27696.39
4827.7425289418  28539.2
4830.56346010363  28784.91
4833.38439126547  28791.7
4836.2053224273  28535.54
4839.02625358913  28473.86
4841.84718475097  28136.57
4844.6681159128  27509.22
4847.48904707464  26252.02
4850.30997823647  24781.78
4853.13090939831  23068.54
4855.95184056014  20215.05
4858.77277172198  17001.66
4861.59370288381  15664.25
4864.41463404565  18403.55
4867.23556520748  22583.26
4870.05649636932  24542.41
4872.87742753115  25273.92
4875.69835869298  26408.74
4878.51928985482  27883.59
4881.34022101665  28627.91
4884.16115217849  28431.05
4886.98208334032  28927.25
4889.80301450216  28679.87
4892.62394566399  29168.47
4895.44487682583  30651.84
4898.26580798766  30694.74
4901.0867391495  30139.12
4903.90767031133  30590.35
4906.72860147317  31047.66
4909.549532635  30301.97
4912.37046379683  30603.08
4915.19139495867  30968.26
4918.01232612051  29796.51
4920.83325728234  29049.67
4923.65418844417  29127.76
4926.47511960601  30761.26
4929.29605076784  31536.69
4932.11698192968  31082.56
4934.93791309151  30569.18
4937.75884425335  31026.05
4940.57977541518  31679.73
4943.40070657702  32735.11
4946.22163773885  32666.18
4949.04256890068  32716.87
4951.86350006252  32661.68
4954.68443122435  31778.49
4957.50536238619  31327.38
4960.32629354802  32223.16
4963.14722470986  32967.9
4965.96815587169  32570.47
4968.78908703353  32560.61
4971.61001819536  32702.66
4974.4309493572  33587.8
4977.25188051903  33162.48
4980.07281168086  31775.88
4982.8937428427  30783.64
4985.71467400453  31356.72
4988.53560516637  32555.41
4991.3565363282  32664.18
4994.17746749004  32477.08
4996.99839865187  32660.95
4999.81932981371  31985.53
5002.64026097554  31412.13
5005.46119213738  30925.11
5008.28212329921  31523.69
5011.10305446105  31503.29
5013.92398562288  30871.26
5016.74491678472  30510.11
5019.56584794655  30328.55
5022.38677910838  31842.43
5025.20771027022  33344.14
5028.02864143205  33228.37
5030.84957259389  33138.58
5033.67050375572  33386.17
5036.49143491756  33199.04
5039.31236607939  32472.73
5042.13329724123  32850.86
5044.95422840306  34340.61
5047.7751595649  34387.18
5050.59609072673  33673.41
5053.41702188857  33563.96
5056.2379530504  34580.12
5059.05888421223  35271.93
5061.87981537407  35329.1
5064.7007465359  35078.27
5067.52167769774  34773.09
5070.34260885957  33965.49
5073.16354002141  34122.01
5075.98447118324  34485.56
5078.80540234508  34435.46
5081.62633350691  34277.06
5084.44726466875  34970.27
5087.26819583058  35157.39
5090.08912699241  35753.75
5092.91005815425  36292.77
5095.73098931608  35698.91
5098.55192047792  34475.07
5101.37285163975  35055.33
5104.19378280159  36258.3
5107.01471396342  35912.34
5109.83564512526  35565.8
5112.65657628709  36424.74
5115.47750744893  36944.46
5118.29843861076  36917.38
5121.1193697726  36404.65
5123.94030093443  36001.14
5126.76123209626  35380.29
5129.5821632581  35307.32
5132.40309441993  35819.91
5135.22402558177  36297.59
5138.0449567436  36008.79
5140.86588790544  35754.66
5143.68681906727  36506.87
5146.50775022911  36829.57
5149.32868139094  36698.32
5152.14961255278  36148.29
5154.97054371461  36042.29
5157.79147487645  37167.25
5160.61240603828  37691.5
5163.43333720012  37169.73
5166.25426836195  35002.64
5169.07519952378  32964.9
5171.89613068562  34589.97
5174.71706184745  37236.27
5177.53799300929  38648.6
5180.35892417112  38235.27
5183.17985533296  36102.15
5186.00078649479  35471.59
5188.82171765663  36181.99
5191.64264881846  36075.71
5194.4635799803  36177.21
5197.28451114213  36372.37
5200.10544230396  37248.64
5202.9263734658  37423.49
5205.74730462763  36636.89
5208.56823578947  37000.5
5211.3891669513  38140.31
5214.21009811314  38544.12
5217.03102927497  38798.87
5219.85196043681  39962.82
5222.67289159864  39660.78
5225.49382276048  37273.45
5228.31475392231  36004.99
5231.13568508415  37645.65
5233.95661624598  37468.38
5236.77754740781  37631.21
5239.59847856965  39046.7
5242.41940973148  39521.6
5245.24034089332  40161.71
5248.06127205515  40166.48
5250.88220321699  39862.88
5253.70313437882  39428.48
5256.52406554066  39602.33
5259.34499670249  39708.3
5262.16592786433  38017.54
5264.98685902616  36446.12
5267.807790188  35862.5
5270.62872134983  36298.94
5273.44965251166  37038.94
5276.2705836735  37670.56
5279.09151483533  38966.66
5281.91244599717  38898.12
5284.733377159  39029.69
5287.55430832084  40702.96
5290.37523948267  41855.4
5293.19617064451  41518.21
5296.01710180634  40870.92
5298.83803296818  40484.18
5301.65896413001  40368.03
5304.47989529185  40414.22
5307.30082645368  40461.97
5310.12175761551  41020.68
5312.94268877735  40672.33
5315.76361993918  39294.18
5318.58455110102  39595.36
5321.40548226285  41102.36
5324.22641342469  40397.64
5327.04734458652  38798.99
5329.86827574836  38957.09
5332.68920691019  40220.63
5335.51013807203  39729.05
5338.33106923386  38704.66
5341.15200039569  40089.57
5343.97293155753  41590.14
5346.79386271936  41698.9
5349.6147938812  41539.2
5352.43572504303  42445.26
5355.25665620487  43132.57
5358.0775873667  43110.8
5360.89851852854  41916.77
5363.71944969037  40710.86
5366.54038085221  40751.38
5369.36131201404  40706.93
5372.18224317588  40617.45
5375.00317433771  42250.7
5377.82410549954  42777.36
5380.64503666138  41487.89
5383.46596782321  41432.02
5386.28689898505  42642.38
5389.10783014688  43075.72
5391.92876130872  42356.63
5394.74969247055  41568.05
5397.57062363239  41245.16
5400.39155479422  41923.37
5403.21248595606  41168.26
5406.03341711789  40319.29
5408.85434827973  40792.76
5411.67527944156  41318.19
5414.4962106034  42021.16
5417.31714176523  42119.79
5420.13807292707  41716.68
5422.9590040889  41433.05
5425.77993525073  41359.04
5428.60086641257  41459.64
5431.4217975744  41248.07
5434.24272873624  41572.54
5437.06365989807  42397.09
5439.88459105991  43781.12
5442.70552222174  43603.69
5445.52645338358  42538.84
5448.34738454541  42769.08
5451.16831570724  43777.23
5453.98924686908  42853.32
5456.81017803091  42351.31
5459.63110919275  43486.9
5462.45204035458  43646.96
5465.27297151642  43331.3
5468.09390267825  43896.07
5470.91483384009  44065.71
5473.73576500192  43161.8
5476.55669616376  41974.93
5479.37762732559  42285.75
5482.19855848742  43276.02
5485.01948964926  43987.41
5487.84042081109  44016.19
5490.66135197293  43733.06
5493.48228313476  43995.21
5496.3032142966  44079.15
5499.12414545843  43546.
5501.94507662027  42679.91
5504.7660077821  42663.11
5507.58693894394  42899.63
5510.40787010577  43058.66
5513.22880126761  44025.41
5516.04973242944  44837.58
5518.87066359128  44825.03
5521.69159475311  44174.31
5524.51252591494  43504.84
5527.33345707678  42411.02
5530.15438823861  43077.89
5532.97531940045  43568.02
5535.79625056228  43092.21
5538.61718172412  44260.93
5541.43811288595  44381.95
5544.25904404779  44417.39
5547.07997520962  44186.51
5549.90090637146  44492.38
5552.72183753329  44657.39
5555.54276869512  44603.42
5558.36369985696  44916.15
5561.18463101879  44729.81
5564.00556218063  44576.73
5566.82649334246  44136.68
5569.6474245043  43763.31
5572.46835566613  43637.89
5575.28928682797  43791.86
5578.1102179898  44366.52
5580.93114915164  44392.16
5583.75208031347  43955.96
5586.57301147531  43106.78
5589.39394263714  42380.84
5592.21487379897  43480.35
5595.03580496081  43803.52
5597.85673612264  43512.83
5600.67766728448  43277.1
5603.49859844631  43418.76
5606.31952960815  44097.04
5609.14046076998  45154.43
5611.96139193182  44824.57
5614.78232309365  44101.8
5617.60325425549  43534.67
5620.42418541732  43978.43
5623.24511657916  44292.96
5626.06604774099  44117.97
5628.88697890282  44201.57
5631.70791006466  44423.71
5634.52884122649  44354.12
5637.34977238833  44091.34
5640.17070355016  43976.52
5642.991634712  43962.1
5645.81256587383  44402.43
5648.63349703567  44576.26
5651.4544281975  44164.14
5654.27535935934  43773.35
5657.09629052117  42678.96
5659.917221683  41945.63
5662.73815284484  42767.
5665.55908400668  43192.71
5668.38001516851  43180.48
5671.20094633034  43606.49
5674.02187749218  43981.85
5676.84280865401  44322.78
5679.66373981585  44157.77
5682.48467097768  43237.16
5685.30560213952  42720.97
5688.12653330135  43002.32
5690.94746446319  43479.3
5693.76839562502  43749.23
5696.58932678686  43915.7
5699.41025794869  44016.72
5702.23118911052  43790.88
5705.05212027236  43052.59
5707.87305143419  42786.13
5710.69398259603  43043.09
5713.51491375786  43256.54
5716.3358449197  43336.97
5719.15677608153  43770.61
5721.97770724337  44069.59
5724.7986384052  44024.16
5727.61956956704  43889.2
5730.44050072887  43716.17
5733.2614318907  43763.3
5736.08236305254  44004.66
5738.90329421437  44021.24
5741.72422537621  44150.57
5744.54515653804  44193.41
5747.36608769988  43932.41
5750.18701886171  43733.86
5753.00795002355  43210.02
5755.82888118538  43083.57
5758.64981234722  43801.82
5761.47074350905  43450.46
5764.29167467089  43436.15
5767.11260583272  43648.23
5769.93353699456  43796.42
5772.75446815639  43406.43
5775.57539931822  43570.65
5778.39633048006  43442.06
5781.21726164189  43071.57
5784.03819280373  42475.2
5786.85912396556  42790.48
5789.6800551274  43297.23
5792.50098628923  42826.09
5795.32191745107  42807.2
5798.1428486129  42592.54
5800.96377977474  42473.14
5803.78471093657  42972.94
5806.60564209841  42966.7
5809.42657326024  42594.78
5812.24750442207  42996.5
5815.06843558391  43093.8
5817.88936674574  42854.25
5820.71029790758  43033.46
5823.53122906941  42943.89
5826.35216023125  43185.67
5829.17309139308  43343.15
5831.99402255492  43164.93
5834.81495371675  43227.9
5837.63588487859  43224.54
5840.45681604042  42987.5
5843.27774720225  43322.1
5846.09867836409  43271.46
5848.91960952592  43076.3
5851.74054068776  41970.72
5854.56147184959  41506.86
5857.38240301143  41849.92
5860.20333417326  41759.73
5863.0242653351  42362.02
5865.84519649693  42887.63
5868.66612765877  43062.81
5871.4870588206  42598.78
5874.30798998244  42556.67
5877.12892114427  42504.93
5879.9498523061  42663.42
5882.77078346794  42381.44
5885.59171462977  42098.92
5888.41264579161  40373.02
5891.23357695344  38880.02
5894.05450811528  38912.52
5896.87543927711  39181.87
5899.69637043895  40332.68
5902.51730160078  41982.28
5905.33823276262  41856.9
5908.15916392445  42271.38
5910.98009508629  42127.48
5913.80102624812  41894.89
5916.62195740996  41680.82
5919.44288857179  41967.25
5922.26381973362  42315.06
5925.08475089546  42161.48
5927.90568205729  41785.41
5930.72661321913  41821.15
5933.54754438096  41753.7
5936.3684755428  41949.57
5939.18940670463  41494.91
5942.01033786647  41426.66
5944.8312690283  41959.81
5947.65220019013  41341.46
5950.47313135197  41431.77
5953.2940625138  41583.64
5956.11499367564  41400.2
5958.93592483747  41388.27
5961.75685599931  41632.3
5964.57778716114  41755.4
5967.39871832298  41310.94
5970.21964948481  41159.2
5973.04058064665  41420.85
5975.86151180848  41277.37
5978.68244297032  40625.91
5981.50337413215  40769.77
5984.32430529399  40768.25
5987.14523645582  40528.83
5989.96616761765  40537.37
5992.78709877949  40670.61
5995.60802994132  41213.14
5998.42896110316  41424.16
6001.24989226499  41093.02
6004.07082342683  40938.14
6006.89175458866  40663.82
6009.7126857505  40154.77
6012.53361691233  40418.03
6015.35454807417  40667.1
6018.175479236  40948.1
6020.99641039784  40463.52
6023.81734155967  40361.9
6026.6382727215  40432.95
6029.45920388334  40806.05
6032.28013504517  40880.99
6035.10106620701  41242.23
6037.92199736884  40826.59
6040.74292853068  40759.52
6043.56385969251  40657.11
6046.38479085435  40539.07
6049.20572201618  41281.37
6052.02665317801  40784.84
6054.84758433985  40367.42
6057.66851550168  40563.45
6060.48944666352  40802.23
6063.31037782535  40690.29
6066.13130898719  40808.96
6068.95224014902  40761.88
6071.77317131086  40400.98
6074.59410247269  40806.89
6077.41503363453  40516.68
6080.23596479636  40423.33
6083.0568959582  40511.55
6085.87782712003  40116.08
6088.69875828187  40340.04
6091.5196894437  40519.36
6094.34062060553  40590.08
6097.16155176737  40790.02
6099.9824829292  40519.25
6102.80341409104  39955.71
6105.62434525287  40273.36
6108.44527641471  40841.66
6111.26620757654  40492.36
6114.08713873838  40049.2
6116.90806990021  40180.45
6119.72900106205  40091.4
6122.54993222388  39905.45
6125.37086338572  39837.3
6128.19179454755  40199.07
6131.01272570938  40451.75
6133.83365687122  40249.87
6136.65458803305  39633.63
6139.47551919489  38606.9
6142.29645035672  38516.32
6145.11738151856  38903.3
6147.93831268039  38396.36
6150.75924384223  38630.59
6153.58017500406  39399.8
6156.40110616589  39267.11
6159.22203732773  38822.55
6162.04296848957  38677.4
6164.8638996514  39102.02
6167.68483081323  39470.09
6170.50576197507  39377.56
6173.3266931369  39335.98
6176.14762429874  39342.3
6178.96855546057  39625.16
6181.78948662241  39570.96
6184.61041778424  40030.4
6187.43134894608  39495.68
6190.25228010791  39177.05
6193.07321126974  39343.1
6195.89414243158  39794.94
6198.71507359341  39959.89
6201.53600475525  39695.44
6204.35693591708  40016.65
6207.17786707892  40260.29
6209.99879824075  40111.8
6212.81972940259  39935.83
6215.64066056442  39461.17
6218.46159172626  39007.79
6221.28252288809  39378.31
6224.10345404993  39621.25
6226.92438521176  39599.97
6229.74531637359  39166.75
6232.56624753543  39089.6
6235.38717869727  38966.03
6238.2081098591  38214.9
6241.02904102093  38112.27
6243.84997218277  38211.75
6246.6709033446  37538.81
6249.49183450644  37644.17
6252.31276566827  38386.28
6255.13369683011  38657.25
6257.95462799194  38821.95
6260.77555915378  39206.43
6263.59649031561  38987.61
6266.41742147745  38985.29
6269.23835263928  39180.07
6272.05928380111  39051.64
6274.88021496295  38550.55
6277.70114612478  37520.62
6280.52207728662  37295.65
6283.34300844845  37552.
6286.16393961029  38653.62
6288.98487077212  38521.09
6291.80580193396  38273.19
6294.62673309579  38291.56
6297.44766425763  38255.61
6300.26859541946  38049.74
6303.08952658129  37953.59
6305.91045774313  37963.45
6308.73138890497  38225.65
6311.5523200668  38378.37
6314.37325122863  38299.6
6317.19418239047  37738.24
6320.0151135523  37702.83
6322.83604471414  38542.82
6325.65697587597  39180.6
6328.47790703781  39536.66
6331.29883819964  39452.03
6334.11976936148  38986.26
6336.94070052331  38415.28
6339.76163168514  38346.18
6342.58256284698  38292.74
6345.40349400881  37859.96
6348.22442517065  37446.49
6351.04535633248  38131.29
6353.86628749432  38978.84
6356.68721865615  39312.41
6359.50814981799  39089.05
6362.32908097982  38472.83
6365.15001214166  38380.39
6367.97094330349  38006.77
6370.79187446533  37110.22
6373.61280562716  37239.3
6376.43373678899  38195.38
6379.25466795083  38609.54
6382.07559911266  38877.16
6384.8965302745  38494.5
6387.71746143633  38728.17
6390.53839259817  38748.91
6393.35932376  38333.66
6396.18025492184  38319.87
6399.00118608367  38396.36
6401.8221172455  38177.68
6404.64304840734  38568.49
6407.46397956918  38596.98
6410.28491073101  37695.28
6413.10584189285  38065.01
6415.92677305468  37524.37
6418.74770421651  37189.52
6421.56863537835  37961.04
6424.38956654018  38478.91
6427.21049770202  38506.44
6430.03142886385  37907.11
6432.85236002569  37567.
6435.67329118752  37609.23
6438.49422234936  37759.53
6441.31515351119  38504.08
6444.13608467302  38509.12
6446.95701583486  38389.59
6449.77794699669  37918.7
6452.59887815853  37475.37
6455.41980932036  36508.77
6458.2407404822  35856.95
6461.06167164403  36680.82
6463.88260280587  37665.63
6466.7035339677  38062.83
6469.52446512954  38050.59
6472.34539629137  38090.28
6475.16632745321  37738.63
6477.98725861504  38229.
6480.80818977688  37952.45
6483.62912093871  37744.8
6486.45005210054  37653.71
6489.27098326238  37586.73
6492.09191442421  36535.06
6494.91284558605  35305.95
6497.73377674788  35488.01
6500.55470790972  36948.85
6503.37563907155  38040.34
6506.19657023339  38378.61
6509.01750139522  38657.4
6511.83843255705  38137.59
6514.65936371889  37303.78
6517.48029488072  36906.3
6520.30122604256  37828.73
6523.12215720439  38246.76
6525.94308836623  38193.22
6528.76401952806  37987.6
6531.5849506899  37929.82
6534.40588185173  37704.29
6537.22681301357  37552.99
6540.0477441754  37109.55
6542.86867533724  36733.96
6545.68960649907  36186.73
6548.5105376609  35609.44
6551.33146882274  35014.59
6554.15239998457  33509.48
6556.97333114641  31523.72
6559.79426230825  27290.73
6562.61519347008  23014.89
6565.43612463191  23759.15
6568.25705579375  28296.13
6571.07798695558  32126.5
6573.89891811742  33985.95
6576.71984927925  35545.38
6579.54078044109  36477.84
6582.36171160292  36514.9
6585.18264276476  36865.6
6588.00357392659  37007.37
6590.82450508842  36964.41
6593.64543625026  37327.41
6596.46636741209  37516.93
6599.28729857393  37653.17
6602.10822973576  37714.46
6604.9291608976  37593.49
6607.75009205943  37694.79
6610.57102322127  37949.91
6613.3919543831  38005.41
6616.21288554494  37972.38
6619.03381670677  38448.38
6621.85474786861  38318.42
6624.67567903044  38145.5
6627.49661019227  37928.9
6630.31754135411  38003.14
6633.13847251594  38156.6
6635.95940367778  37575.21
6638.78033483961  37822.72
6641.60126600145  38184.12
6644.42219716328  37819.84
6647.24312832512  37979.92
6650.06405948695  38118.11
6652.88499064878  38215.72
6655.70592181062  37827.31
6658.52685297246  38281.4
6661.34778413429  38055.5
6664.16871529612  37565.36
6666.98964645796  37581.88
6669.81057761979  37811.64
6672.63150878163  37461.93
6675.45243994346  37651.12
6678.2733711053  37261.92
6681.09430226713  37003.75
6683.91523342897  37713.97
6686.7361645908  38251.89
6689.55709575264  37635.03
6692.37802691447  37746.59
6695.1989580763  37917.05
6698.01988923814  37659.33
6700.84082039997  37737.87
6703.66175156181  37497.62
6706.48268272364  37798.86
6709.30361388548  37543.32
6712.12454504731  37669.57
6714.94547620915  37533.66
6717.76640737098  37123.14
6720.58733853282  36869.42
6723.40826969465  37035.
6726.22920085649  37335.53
6729.05013201832  37679.86
6731.87106318015  37458.3
6734.69199434199  37637.34
6737.51292550382  37392.53
6740.33385666566  37318.54
6743.15478782749  37100.93
6745.97571898933  36906.49
6748.79665015116  36796.09
6751.617581313  36861.89
6754.43851247483  36868.1
6757.25944363667  36754.93
6760.0803747985  36812.95
6762.90130596034  37229.41
6765.72223712217  37205.98
6768.54316828401  37069.07
6771.36409944584  37030.5
6774.18503060767  37174.57
6777.00596176951  37152.68
6779.82689293134  36909.42
6782.64782409318  36796.41
6785.46875525501  36563.24
6788.28968641685  36735.6
6791.11061757868  36632.52
6793.93154874052  36547.32
6796.75247990235  36655.16
6799.57341106419  36729.16
6802.39434222602  36783.09
6805.21527338786  36525.86
6808.03620454969  36582.82
6810.85713571152  36385.03
6813.67806687336  36622.69
6816.49899803519  36577.29
6819.31992919703  36435.14
6822.14086035886  36672.28
6824.9617915207  36628.55
6827.78272268253  36000.6
6830.60365384437  36007.91
6833.4245850062  36145.15
6836.24551616803  36096.87
6839.06644732987  35684.99
6841.8873784917  35782.76
6844.70830965354  35863.19
6847.52924081537  36088.86
6850.35017197721  36297.
6853.17110313904  35677.25
6855.99203430088  35401.73
6858.81296546271  35675.79
6861.63389662455  35707.37
6864.45482778638  33960.5
6867.27575894822  29963.26
6870.09669011005  26512.65
6872.91762127188  26267.09
6875.73855243372  28300.16
6878.55948359556  30542.09
6881.38041475739  32493.02
6884.20134591922  32952.46
6887.02227708106  32027.29
6889.84320824289  31283.01
6892.66413940473  31212.78
6895.48507056656  31308.04
6898.3060017284  31702.16
6901.12693289023  31943.02
6903.94786405207  32283.18
6906.7687952139  32713.24
6909.58972637573  32879.11
6912.41065753757  33371.21
6915.2315886994  33724.39
6918.05251986124  33731.82
6920.87345102307  33586.39
6923.69438218491  34105.55
6926.51531334674  34300.82
6929.33624450858  34098.33
6932.15717567041  34014.68
6934.97810683225  34151.48
6937.79903799408  34338.19
6940.61996915592  34046.07
6943.44090031775  33960.79
6946.26183147958  33998.7
6949.08276264142  33803.53
6951.90369380325  34113.5
6954.72462496509  34139.82
6957.54555612692  34083.32
6960.36648728876  33877.55
6963.18741845059  33931.75
6966.00834961243  34259.7
6968.82928077426  34438.11
6971.6502119361  34278.21
6974.47114309793  34031.76
6977.29207425977  33862.7
6980.1130054216  33717.41
6982.93393658343  33876.71
6985.75486774527  33696.87
6988.5757989071  33641.87
6991.39673006894  33737.18
6994.21766123077  33491.
6997.03859239261  33202.04
6999.85952355444  32889.52
7002.68045471628  32448.83
7005.50138587811  32722.17
7008.32231703995  32976.41
7011.14324820178  33357.15
7013.96417936361  33167.55
7016.78511052545  33031.81
7019.60604168728  33047.53
7022.42697284912  32933.94
7025.24790401095  32796.4
7028.06883517279  32917.61
7030.88976633462  33218.23
7033.71069749646  33180.35
7036.53162865829  32893.97
7039.35255982013  32824.26
7042.17349098196  32781.44
7044.99442214379  32661.23
7047.81535330563  32738.72
7050.63628446746  32829.45
7053.4572156293  32785.29
7056.27814679113  32433.95
7059.09907795297  32466.35
7061.9200091148  32431.76
7064.74094027664  32463.76
7067.56187143847  32598.82
7070.38280260031  32267.15
7073.20373376214  32251.48
7076.02466492398  32020.4
7078.84559608581  32126.86
7081.66652724765  32234.28
7084.48745840948  32022.36
7087.30838957132  31872.31
7090.12932073315  31706.17
7092.95025189498  31824.83
7095.77118305682  31966.77
7098.59211421865  31636.69
7101.41304538049  31828.6
7104.23397654232  31805.51
7107.05490770416  31623.37
7109.87583886599  31604.14
7112.69677002783  31178.68
7115.51770118966  30680.32
7118.3386323515  30544.42
7121.15956351333  30822.34
7123.98049467516  31317.82
7126.801425837  31542.32
7129.62235699883  31160.96
7132.44328816067  31034.47
7135.2642193225  31308.7
7138.08515048434  30909.88
7140.90608164617  31128.78
7143.72701280801  30669.11
7146.54794396984  30511.93
7149.36887513167  30460.72
7152.18980629351  30246.75
7155.01073745535  30587.77
7157.83166861718  30658.7
7160.65259977902  30399.52
7163.47353094085  30053.21
7166.29446210268  29637.89
7169.11539326452  29354.47
7171.93632442635  29312.26
7174.75725558819  29130.35
7177.57818675002  28944.54
7180.39911791186  28570.93
7183.22004907369  27922.12
7186.04098023553  27571.58
7188.86191139736  27396.31
7191.68284255919  27640.62
7194.50377372103  28120.85
7197.32470488286  27930.68
7200.1456360447  27782.54
7202.96656720653  27611.2
7205.78749836837  27824.81
7208.6084295302  28503.27
7211.42936069204  29032.34
7214.25029185387  29213.83
7217.07122301571  29023.3
7219.89215417754  28533.16
7222.71308533938  28248.25
7225.53401650121  28290.63
7228.35494766305  28238.52
7231.17587882488  28131.02
7233.99680998671  27825.09
7236.81774114855  27636.89
7239.63867231038  27470.4
7242.45960347222  27375.73
7245.28053463405  27494.66
7248.10146579589  27624.9
7250.92239695772  27666.57
7253.74332811956  27535.78
7256.56425928139  27419.77
7259.38519044322  27761.62
7262.20612160506  27670.77
7265.02705276689  27603.27
7267.84798392873  27432.16
7270.66891509057  27681.21
7273.4898462524  27422.36
7276.31077741423  26853.43
7279.13170857607  27013.06
7281.9526397379  27359.16
7284.77357089974  27304.98
7287.59450206157  26839.48
7290.41543322341  26799.53
7293.23636438524  26613.38
7296.05729554707  27066.18
7298.87822670891  27112.06
7301.69915787074  26769.93
7304.52008903258  26626.8
7307.34102019441  26462.53
7310.16195135625  26563.58
7312.98288251808  26574.76
7315.80381367992  26605.45
7318.62474484175  26635.05
7321.44567600359  26734.72
7324.26660716542  26870.72
7327.08753832726  26856.55
7329.90846948909  26743.94
7332.72940065093  26865.04
7335.55033181276  26629.81
7338.37126297459  26995.99
7341.19219413643  27095.05
7344.01312529826  26874.64
7346.8340564601  26548.66
7349.65498762193  26447.53
7352.47591878377  26514.89
7355.2968499456  26408.66
7358.11778110744  26441.58
7360.93871226927  26463.66
7363.75964343111  26558.79
7366.58057459294  26315.29
7369.40150575478  26185.43
7372.22243691661  26281.52
7375.04336807845  26539.63
7377.86429924028  26431.03
7380.68523040211  26360.93
7383.50616156395  26298.29
7386.32709272578  25795.55
7389.14802388762  25569.11
7391.96895504945  25649.93
7394.78988621129  26016.76
7397.61081737312  25861.39
7400.43174853496  25807.24
7403.25267969679  25612.76
7406.07361085863  25555.21
7408.89454202046  25452.82
7411.71547318229  25288.44
7414.53640434413  25206.62
7417.35733550596  25030.94
7420.1782666678  24794.86
7422.99919782963  24786.67
7425.82012899147  24940.3
7428.6410601533  24970.03
7431.46199131514  25164.29
7434.28292247697  25207.32
7437.10385363881  25030.4
7439.92478480064  24755.17
7442.74571596247  24492.81
7445.56664712431  24265.41
7448.38757828614  24214.68
7451.20850944798  24320.7
7454.02944060981  24620.96
7456.85037177165  25023.07
7459.67130293348  24816.11
7462.49223409532  24382.74
7465.31316525715  24154.3
7468.13409641899  24259.19
7470.95502758082  24349.88
7473.77595874266  24126.89
7476.59688990449  24134.4
7479.41782106633  23995.27
7482.23875222816  23893.98
7485.05968338999  24203.23
7487.88061455183  24320.21
7490.70154571366  24073.65
7493.5224768755  23662.11
7496.34340803733  23559.69
7499.16433919917  23625.64
7501.985270361  23817.2
7504.80620152284  23832.3
7507.62713268467  23558.06
7510.44806384651  23286.78
7513.26899500834  22891.86
7516.08992617017  22799.56
7518.91085733201  23171.34
7521.73178849384  23401.02
7524.55271965568  23331.61
7527.37365081751  23119.45
7530.19458197935  22798.5
7533.01551314118  23014.97
7535.83644430302  23118.67
7538.65737546485  23136.71
7541.47830662668  23239.57
7544.29923778852  23172.29
7547.12016895035  23207.53
7549.94110011219  23064.38
7552.76203127403  22743.83
7555.58296243586  22558.6
7558.40389359769  22388.01
7561.22482475953  22416.11
7564.04575592136  22602.69
7566.8666870832  22401.87
7569.68761824503  22239.07
7572.50854940687  22208.62
7575.3294805687  22044.29
7578.15041173054  22186.21
7580.97134289237  22198.27
7583.79227405421  22006.09
7586.61320521604  21872.01
7589.43413637787  21324.55
7592.25506753971  18772.61
7595.07599870154  14855.74
7597.89692986338  10813.98
7600.71786102521  7766.372
7603.53879218705  6464.733
7606.35972334888  6145.87
7609.18065451072  7036.374
7612.00158567255  9041.464
7614.82251683439  12106.52
7617.64344799622  14695.89
7620.46437915805  15222.69
7623.28531031989  13865.85
7626.10624148173  11843.23
7628.92717264356  11087.03
7631.74810380539  11365.59
7634.56903496723  11634.61
7637.38996612906  11934.31
7640.2108972909  12604.77
7643.03182845273  13147.16
7645.85275961457  13627.87
7648.6736907764  14411.76
7651.49462193823  15157.41
7654.31555310007  15585.17
7657.1364842619  16091.24
7659.95741542374  16576.92
7662.77834658557  16850.02
7665.59927774741  17464.19
7668.42020890924  17766.86
7671.24114007108  18500.61
7674.06207123291  18765.34
7676.88300239475  18913.16
7679.70393355658  19121.63
7682.52486471842  19076.74
7685.34579588025  19066.07
7688.16672704208  19098.97
7690.98765820392  18969.9
7693.80858936575  18989.4
7696.62952052759  18954.21
7699.45045168943  18923.96
7702.27138285126  19051.75
7705.09231401309  19165.78
7707.91324517493  18875.9
7710.73417633676  18870.94
7713.5551074986  18857.73
7716.37603866043  18788.87
7719.19696982227  18993.69
7722.0179009841  19095.86
7724.83883214594  18913.57
7727.65976330777  18993.54
7730.4806944696  19005.63
7733.30162563144  19060.19
7736.12255679327  18989.71
7738.94348795511  18755.97
7741.76441911694  18901.32
7744.58535027878  18749.7
7747.40628144061  18750.94
7750.22721260245  18812.9
7753.04814376428  18584.16
7755.86907492612  18535.7
7758.69000608795  18743.6
7761.51093724978  18699.1
7764.33186841162  18731.83
7767.15279957345  18639.03
7769.97373073529  17800.7
7772.79466189712  16821.66
7775.61559305896  16383.05
7778.43652422079  16857.49
7781.25745538263  17847.28
7784.07838654446  18319.44
7786.8993177063  18440.56
7789.72024886813  18541.47
7792.54118002996  18386.2
7795.3621111918  18285.84
7798.18304235363  18227.86
7801.00397351547  18120.58
7803.8249046773  18180.02
7806.64583583914  18032.96
7809.46676700097  17855.85
7812.28769816281  17925.91
7815.10862932464  17975.63
7817.92956048648  18016.3
7820.75049164831  17825.23
7823.57142281015  17605.29
7826.39235397198  17749.36
7829.21328513382  17634.01
7832.03421629565  17302.62
7834.85514745748  17210.92
7837.67607861932  17049.59
7840.49700978115  17183.98
7843.31794094299  17035.73
7846.13887210482  16965.85
7848.95980326666  16842.88
7851.78073442849  16974.35
7854.60166559033  17140.45
7857.42259675216  17208.39
7860.243527914  16971.75
7863.06445907583  16949.56
7865.88539023767  16982.12
7868.7063213995  16882.13
7871.52725256134  16777.
7874.34818372317  16651.33
7877.16911488501  16481.06
7879.99004604684  16516.87
7882.81097720867  16494.89
7885.63190837051  16671.09
7888.45283953234  16474.54
7891.27377069418  16355.55
7894.09470185601  16000.14
7896.91563301785  15805.64
7899.73656417968  15889.95
7902.55749534152  16083.35
7905.37842650335  15891.92
7908.19935766518  15786.01
7911.02028882702  15637.11
7913.84121998885  15596.14
7916.66215115069  15614.79
7919.48308231252  15459.91
7922.30401347436  15612.24
7925.12494463619  15658.12
7927.94587579803  15593.01
7930.76680695986  15377.17
7933.5877381217  15180.66
7936.40866928353  15226.77
7939.22960044536  15276.96
7942.0505316072  15213.32
7944.87146276903  14979.2
7947.69239393087  14991.18
7950.5133250927  15125.64
7953.33425625454  15260.21
7956.15518741637  15246.
7958.97611857821  15077.59
7961.79704974004  15114.35
7964.61798090188  15088.85
7967.43891206371  14917.59
7970.25984322555  14842.57
7973.08077438738  14918.1
7975.90170554922  14763.17
7978.72263671105  14698.45
7981.54356787289  14776.57
7984.36449903472  14732.09
7987.18543019655  14596.88
7990.00636135839  14579.05
7992.82729252022  14524.53
7995.64822368206  14303.39
7998.46915484389  14059.9
8001.29008600573  14166.86
8004.11101716756  14129.67
8006.9319483294  14092.42
8009.75287949123  14140.16
8012.57381065306  14090.29
8015.3947418149  14040.97
8018.21567297673  13863.06
8021.03660413857  13891.64
8023.8575353004  13805.26
8026.67846646224  13766.43
8029.49939762407  13720.4
8032.32032878591  13823.61
8035.14125994774  13821.47
8037.96219110958  13642.98
8040.78312227141  13464.83
8043.60405343324  13428.96
8046.42498459508  13348.71
8049.24591575691  13278.25
8052.06684691875  13414.42
8054.88777808058  13442.26
8057.70870924242  13274.03
8060.52964040425  13196.4
8063.35057156609  13257.12
8066.17150272792  13152.36
8068.99243388976  13117.9
8071.81336505159  13082.81
8074.63429621343  13003.8
8077.45522737526  12917.61
8080.2761585371  12864.21
8083.09708969893  12849.68
8085.91802086076  12799.96
8088.7389520226  12715.58
8091.55988318443  12736.93
8094.38081434627  12779.13
8097.2017455081  12725.29
8100.02267666994  12578.17
8102.84360783177  12468.07
8105.6645389936  12474.61
8108.48547015544  12392.02
8111.30640131728  12347.08
8114.12733247911  12346.65
8116.94826364095  12331.
8119.76919480278  12369.47
8122.59012596461  12247.78
8125.41105712645  12110.58
8128.23198828828  11971.31
8131.05291945012  11828.54
8133.87385061195  11719.48
8136.69478177379  11654.37
8139.51571293562  11708.7
8142.33664409746  11663.3
8145.15757525929  11439.84
8147.97850642113  11437.37
8150.79943758296  11305.29
8153.62036874479  11213.93
8156.44129990663  11226.97
8159.26223106846  11083.64
8162.0831622303  10796.98
8164.90409339213  10740.55
8167.72502455397  10684.04
8170.5459557158  10814.76
8173.36688687764  10861.59
8176.18781803947  10728.52
8179.00874920131  10465.9
8181.82968036314  10255.8
8184.65061152498  10219.9
8187.47154268681  10242.19
8190.29247384864  10309.64
8193.11340501048  10278.5
8195.93433617231  10151.58
8198.75526733415  10053.84
8201.57619849598  10240.69
8204.39712965782  10570.35
8207.21806081965  10684.83
8210.03899198149  10774.48
8212.85992314332  10584.92
8215.68085430516  10271.89
8218.50178546699  10253.
8221.32271662882  10237.83
8224.14364779066  10045.88
8226.9645789525  9615.421
8229.78551011433  9368.783
8232.60644127616  9374.677
8235.427372438  9797.17
8238.24830359983  10160.17
8241.06923476167  10215.54
8243.8901659235  10163.58
8246.71109708534  10049.85
8249.53202824717  10029.31
8252.35295940901  10052.95
8255.17389057084  9993.551
8257.99482173268  9926.581
8260.81575289451  9959.954
8263.63668405634  10050.08
8266.45761521818  10272.26
8269.27854638001  10277.68
8272.09947754185  10010.4
8274.92040870368  9805.624
8277.74133986552  9620.464
8280.56227102735  9627.61
8283.38320218919  9758.164
8286.20413335102  9602.162
8289.02506451286  9629.591
8291.84599567469  9579.088
8294.66692683652  9552.424
8297.48785799836  9641.768
8300.30878916019  9636.439
8303.12972032203  9570.609
8305.95065148386  9505.434
8308.7715826457  9468.575
8311.59251380753  9395.233
8314.41344496937  9386.878
8317.2343761312  9410.054
8320.05530729304  9408.563
8322.87623845487  9327.76
8325.69716961671  9158.314
8328.51810077854  9151.312
8331.33903194038  9059.288
8334.15996310221  8818.462
8336.98089426404  8707.582
8339.80182542588  8934.135
8342.62275658771  9136.818
8345.44368774955  9073.303
8348.26461891138  9092.728
8351.08555007322  9215.405
8353.90648123505  9226.373
8356.72741239689  9128.271
8359.54834355872  8969.693
8362.36927472056  9032.93
8365.19020588239  9056.286
8368.01113704422  9226.697
8370.83206820606  9212.729
8373.6529993679  8870.506
8376.47393052973  8753.806
8379.29486169156  8783.95
8382.1157928534  8968.727
8384.93672401523  9096.504
8387.75765517707  8939.171
8390.5785863389  8585.72
8393.39951750074  8402.017
8396.22044866257  8422.591
8399.04137982441  8712.312
8401.86231098624  8970.795
8404.68324214807  9017.947
8407.50417330991  8916.639
8410.32510447174  8605.092
8413.14603563358  8323.981
8415.96696679541  8228.277
8418.78789795725  8344.706
8421.60882911908  8641.247
8424.42976028092  8801.612
8427.25069144275  8842.624
8430.07162260459  8920.823
8432.89255376642  8876.729
8435.71348492826  8397.241
8438.53441609009  7837.227
8441.35534725192  7655.136
8444.17627841376  7831.231
8446.99720957559  7831.186
8449.81814073743  8004.285
8452.63907189926  8426.623
8455.4600030611  8659.371
8458.28093422293  8571.25
8461.10186538477  8511.346
8463.9227965466  8165.491
8466.74372770844  7684.83
8469.56465887027  7290.836
8472.38559003211  7370.318
8475.20652119394  7919.049
8478.02745235578  8351.521
8480.84838351761  8554.23
8483.66931467944  8579.488
8486.49024584128  8508.441
8489.31117700311  8475.501
8492.13210816495  8336.057
8494.95303932678  8036.573
8497.77397048861  7357.454
8500.59490165045  6510.082
8503.41583281229  6285.399
8506.23676397412  6656.88
8509.05769513595  7265.088
8511.87862629779  7692.623
8514.69955745962  7883.578
8517.52048862146  8076.581
8520.34141978329  8176.151
8523.16235094513  8200.2
8525.98328210696  8259.491
8528.8042132688  8246.973
8531.62514443063  8241.03
8534.44607559247  8016.334
8537.2670067543  7684.364
8540.08793791614  6819.568
8542.90886907797  5551.37
8545.7298002398  4883.707
8548.55073140164  5291.605
8551.37166256347  6315.343
8554.19259372531  7118.341
8557.01352488714  7474.827
8559.83445604898  7650.913
8562.65538721081  7786.11
8565.47631837265  7863.618
8568.29724953448  7907.813
8571.11818069632  7846.683
8573.93911185815  7761.68
8576.76004301998  7792.002
8579.58097418182  7821.24
8582.40190534366  7824.287
8585.22283650549  7727.733
8588.04376766732  7435.486
8590.86469882916  7290.846
8593.68562999099  7140.287
8596.50656115283  6560.506
8599.32749231466  6026.628
8602.1484234765  5842.919
8604.96935463833  6204.233
8607.79028580017  6744.763
8610.611216962  7127.448
8613.43214812383  7188.987
8616.25307928567  7371.03
8619.07401044751  7426.793
8621.89494160934  7518.567
8624.71587277117  7513.304
8627.53680393301  7475.036
8630.35773509484  7355.093
8633.17866625668  7287.578
8635.99959741851  7362.112
8638.82052858035  7420.171
8641.64145974218  7356.147
8644.46239090401  7335.795
8647.28332206585  7295.684
8650.10425322769  7104.376
8652.92518438952  6895.385
8655.74611555135  6704.876
8658.56704671319  6446.238
8661.38797787502  5780.193
8664.20890903686  4760.988
8667.02984019869  4320.142
8669.85077136053  4778.932
8672.67170252236  5454.205
8675.4926336842  6110.449
8678.31356484603  6465.768
8681.13449600787  6407.029
8683.9554271697  6346.21
8686.77635833154  6353.695
8689.59728949337  6482.666
8692.4182206552  6623.253
8695.23915181704  6636.319
8698.06008297887  6656.664
8700.88101414071  6798.847
8703.70194530254  6804.891
8706.52287646438  6693.714
8709.34380762621  6682.715
8712.16473878805  6697.777
8714.98566994988  6645.543
8717.80660111171  6618.748
8720.62753227355  6575.834
8723.44846343539  6579.876
8726.26939459722  6642.277
8729.09032575905  6575.576
8731.91125692089  6544.673
8734.73218808272  6455.552
8737.55311924456  6357.116
8740.37405040639  6219.749
8743.19498156823  6093.984
8746.01591273006  5916.177
8748.8368438919  5602.759
8751.65777505373  5001.966
8754.47870621557  4669.933
8757.2996373774  4916.79
8760.12056853923  5428.937
8762.94149970107  5779.738
8765.7624308629  5880.602
8768.58336202474  5988.68
8771.40429318657  6103.119
8774.22522434841  6073.808
8777.04615551024  6099.036
8779.86708667208  6153.803
8782.68801783391  6151.437
8785.50894899575  6187.104
8788.32988015758  6176.567
8791.15081131942  6111.796
8793.97174248125  6054.072
8796.79267364308  5972.931
8799.61360480492  5995.352
8802.43453596675  6100.126
8805.25546712859  5972.429
8808.07639829042  5812.654
8810.89732945226  5637.632
8813.71826061409  5695.794
8816.53919177593  5852.832
8819.36012293776  5874.017
8822.1810540996  5826.298
8825.00198526143  5805.968
8827.82291642327  5649.884
8830.6438475851  5682.455
8833.46477874694  5689.079
8836.28570990877  5632.529
8839.1066410706  5587.796
8841.92757223244  5514.498
8844.74850339427  5432.659
8847.56943455611  5463.712
8850.39036571794  5593.317
8853.21129687977  5812.043
8856.03222804161  5798.347
8858.85315920345  5242.189
8861.67409036528  4816.656
8864.49502152712  4277.938
8867.31595268895  3856.73
8870.13688385079  4015.639
8872.95781501262  4492.179
8875.77874617445  4733.662
8878.59967733629  4854.326
8881.42060849812  4863.815
8884.24153965996  4924.437
8887.06247082179  4892.522
8889.88340198363  4989.426
8892.70433314546  5042.216
8895.5252643073  4957.771
8898.34619546913  4960.98
8901.16712663096  4955.932
8903.9880577928  4934.673
8906.80898895463  4946.67
8909.62992011647  4899.353
8912.4508512783  4795.19
8915.27178244014  4629.618
8918.09271360197  4577.794
8920.91364476381  4705.958
8923.73457592564  4761.488
8926.55550708748  4740.113
8929.37643824931  4596.116
8932.19736941115  4309.177
8935.01830057298  4361.342
8937.83923173481  4501.752
8940.66016289665  4582.706
8943.48109405848  4517.008
8946.30202522032  4492.955
8949.12295638215  4405.117
8951.94388754399  4267.92
8954.76481870582  4268.009
8957.58574986766  4174.413
8960.40668102949  4119.055
8963.22761219133  4200.997
8966.04854335316  4090.905
8968.86947451499  3935.331
8971.69040567683  3921.546
8974.51133683867  3841.31
8977.3322680005  3788.645
8980.15319916233  3802.732
8982.97413032417  3786.067
8985.795061486  3784.59
8988.61599264784  3954.696
