3205.4517175747  3623.818
3208.27376013375  1047.711
3211.09580269279  642.5745
3213.91784525183  728.9181
3216.73988781087  672.1476
3219.56193036991  693.3849
3222.38397292895  751.2689
3225.20601548799  748.9745
3228.02805804704  699.1395
3230.85010060608  716.3146
3233.67214316512  736.3867
3236.49418572416  765.2473
3239.3162282832  833.0684
3242.13827084224  895.5345
3244.96031340129  906.4905
3247.78235596033  896.7517
3250.60439851937  883.1581
3253.42644107841  899.0356
3256.24848363745  959.0222
3259.07052619649  1017.88
3261.89256875553  1077.127
3264.71461131458  1127.205
3267.53665387362  1116.661
3270.35869643266  1107.461
3273.1807389917  1109.767
3276.00278155074  1090.71
3278.82482410978  1087.186
3281.64686666883  1096.31
3284.46890922787  1148.065
3287.29095178691  1192.433
3290.11299434595  1231.546
3292.93503690499  1312.254
3295.75707946403  1390.459
3298.57912202308  1392.013
3301.40116458212  1388.052
3304.22320714116  1323.789
3307.0452497002  1313.312
3309.86729225924  1353.154
3312.68933481828  1384.598
3315.51137737733  1379.009
3318.33341993637  1400.692
3321.15546249541  1435.377
3323.97750505445  1361.684
3326.79954761349  1380.749
3329.62159017253  1447.415
3332.44363273158  1472.495
3335.26567529062  1412.351
3338.08771784966  1378.061
3340.9097604087  1431.118
3343.73180296774  1514.693
3346.55384552678  1513.394
3349.37588808582  1482.523
3352.19793064487  1516.295
3355.01997320391  1582.552
3357.84201576295  1600.91
3360.66405832199  1550.755
3363.48610088103  1517.994
3366.30814344007  1582.175
3369.13018599912  1553.047
3371.95222855816  1572.348
3374.7742711172  1652.045
3377.59631367624  1694.826
3380.41835623528  1690.636
3383.24039879432  1715.131
3386.06244135337  1776.031
3388.88448391241  1848.019
3391.70652647145  1868.452
3394.52856903049  1862.408
3397.35061158953  1879.342
3400.17265414857  1966.765
3402.99469670762  1948.697
3405.81673926666  1854.179
3408.6387818257  1877.956
3411.46082438474  1910.726
3414.28286694378  1966.963
3417.10490950282  2040.187
3419.92695206187  2077.908
3422.74899462091  2074.751
3425.57103717995  2069.489
3428.39307973899  2120.82
3431.21512229803  2168.444
3434.03716485707  2123.732
3436.85920741612  2030.891
3439.68124997516  1927.658
3442.5032925342  1831.988
3445.32533509324  1896.215
3448.14737765228  1995.379
3450.96942021132  2062.823
3453.79146277036  2109.101
3456.61350532941  2074.49
3459.43554788845  2029.326
3462.25759044749  2031.982
3465.07963300653  2147.677
3467.90167556557  2253.392
3470.72371812461  2247.834
3473.54576068366  2220.459
3476.3678032427  2175.489
3479.18984580174  2225.701
3482.01188836078  2338.043
3484.83393091982  2367.593
3487.65597347886  2373.784
3490.4780160379  2340.972
3493.30005859695  2300.879
3496.12210115599  2333.383
3498.94414371503  2451.242
3501.76618627407  2591.263
3504.58822883311  2619.81
3507.41027139215  2560.136
3510.2323139512  2545.018
3513.05435651024  2604.184
3515.87639906928  2597.209
3518.69844162832  2651.964
3521.52048418736  2611.959
3524.3425267464  2546.728
3527.16456930545  2582.323
3529.98661186449  2665.485
3532.80865442353  2784.778
3535.63069698257  2862.001
3538.45273954161  2964.274
3541.27478210065  3004.084
3544.0968246597  2975.928
3546.91886721874  3066.214
3549.74090977778  3124.384
3552.56295233682  3074.577
3555.38499489586  3037.743
3558.2070374549  3000.294
3561.02908001395  2974.875
3563.85112257299  2925.209
3566.67316513203  2834.436
3569.49520769107  2786.526
3572.31725025011  2751.407
3575.13929280915  2828.621
3577.9613353682  2872.524
3580.78337792724  2800.946
3583.60542048628  2753.148
3586.42746304532  2759.154
3589.24950560436  2946.833
3592.0715481634  3194.632
3594.89359072244  3315.111
3597.71563328149  3325.232
3600.53767584053  3257.341
3603.35971839957  3134.542
3606.18176095861  3045.409
3609.00380351765  2997.747
3611.82584607669  2948.43
3614.64788863574  2984.994
3617.46993119478  3052.023
3620.29197375382  3099.085
3623.11401631286  3187.704
3625.9360588719  3352.439
3628.75810143094  3343.53
3631.58014398999  3127.438
3634.40218654903  3189.782
3637.22422910807  3326.193
3640.04627166711  3341.823
3642.86831422615  3337.944
3645.69035678519  3266.023
3648.51239934423  3350.524
3651.33444190328  3467.056
3654.15648446232  3679.21
3656.97852702136  3756.426
3659.8005695804  3768.79
3662.62261213944  3737.428
3665.44465469848  3728.981
3668.26669725753  3715.039
3671.08873981657  3725.866
3673.91078237561  3737.836
3676.73282493465  3580.615
3679.55486749369  3617.714
3682.37691005273  3654.386
3685.19895261178  3712.305
3688.02099517082  3772.403
3690.84303772986  3855.847
3693.6650802889  3965.862
3696.48712284794  3978.527
3699.30916540698  4018.995
3702.13120796603  3876.201
3704.95325052507  3668.879
3707.77529308411  3776.655
3710.59733564315  3956.783
3713.41937820219  4166.992
3716.24142076123  4299.912
3719.06346332027  4124.724
3721.88550587932  3929.055
3724.70754843836  4222.605
3727.5295909974  4351.963
3730.35163355644  4148.095
3733.17367611548  3746.991
3735.99571867452  3841.868
3738.81776123357  4344.562
3741.63980379261  4405.385
3744.46184635165  4171.44
3747.28388891069  3834.378
3750.10593146973  3884.136
3752.92797402877  4538.522
3755.75001658782  4985.676
3758.57205914686  4932.236
3761.3941017059  4805.779
3764.21614426494  4707.679
3767.03818682398  4433.09
3769.86022938302  4141.337
3772.68227194207  4573.705
3775.50431450111  5211.815
3778.32635706015  5717.077
3781.14839961919  5861.396
3783.97044217823  5855.177
3786.79248473727  5498.026
3789.61452729632  5116.587
3792.43656985536  4792.915
3795.2586124144  4423.671
3798.08065497344  4396.626
3800.90269753248  5109.059
3803.72474009152  5753.109
3806.54678265057  6051.291
3809.36882520961  6205.109
3812.19086776865  6210.232
3815.01291032769  5938.488
3817.83495288673  5936.131
3820.65699544577  5766.211
3823.47903800481  5527.855
3826.30108056386  4987.894
3829.1231231229  4592.088
3831.94516568194  4136.496
3834.76720824098  3827.317
3837.58925080002  4340.495
3840.41129335906  5244.245
3843.23333591811  6030.565
3846.05537847715  6525.643
3848.87742103619  6886.703
3851.69946359523  7000.196
3854.52150615427  6955.596
3857.34354871331  6897.682
3860.16559127236  6939.897
3862.9876338314  7282.002
3865.80967639044  7320.927
3868.63171894948  7134.848
3871.45376150852  6758.432
3874.27580406756  6661.251
3877.09784662661  6524.656
3879.91988918565  6254.15
3882.74193174469  5712.448
3885.56397430373  4986.002
3888.38601686277  4606.528
3891.20805942181  5164.701
3894.03010198086  5877.883
3896.8521445399  6454.192
3899.67418709894  6734.308
3902.49622965798  6949.062
3905.31827221702  6969.526
3908.14031477606  7198.591
3910.9623573351  7412.541
3913.78439989415  7403.058
3916.60644245319  7254.034
3919.42848501223  7028.311
3922.25052757127  6781.748
3925.07257013031  6139.091
3927.89461268935  4856.016
3930.7166552484  3531.258
3933.53869780744  3054.294
3936.36074036648  4222.103
3939.18278292552  5824.083
3942.00482548456  6532.105
3944.8268680436  6850.537
3947.64891060264  6976.537
3950.47095316169  7027.467
3953.29299572073  6914.546
3956.11503827977  6592.121
3958.93708083881  6109.094
3961.75912339785  5325.393
3964.58116595689  4265.637
3967.40320851594  3227.328
3970.22525107498  3584.81
3973.04729363402  5021.647
3975.86933619306  6195.428
3978.6913787521  6975.132
3981.51342131114  7272.97
3984.33546387019  7384.805
3987.15750642923  7573.584
3989.97954898827  7865.128
3992.80159154731  8028.715
3995.62363410635  7894.51
3998.44567666539  7890.75
4001.26771922444  8068.106
4004.08976178348  8014.339
4006.91180434252  8014.972
4009.73384690156  8272.926
4012.5558894606  8386.442
4015.37793201964  8512.718
4018.19997457869  8674.38
4021.02201713773  8655.165
4023.84405969677  8540.642
4026.66610225581  8657.536
4029.48814481485  8313.573
4032.31018737389  8118.662
4035.13222993294  8538.509
4037.95427249198  8788.704
4040.77631505102  8741.604
4043.59835761006  8456.287
4046.4204001691  8411.944
4049.24244272814  8724.3
4052.06448528718  8650.625
4054.88652784623  8469.521
4057.70857040527  8438.35
4060.53061296431  8597.278
4063.35265552335  8517.438
4066.17469808239  8524.741
4068.99674064143  8626.098
4071.81878320048  8571.825
4074.64082575952  8445.382
4077.46286831856  8118.712
4080.2849108776  8345.956
4083.10695343664  8656.61
4085.92899599568  8509.938
4088.75103855472  8414.913
4091.57308111377  8032.046
4094.39512367281  7580.516
4097.21716623185  6796.803
4100.03920879089  5890.173
4102.86125134993  5962.95
4105.68329390897  7223.345
4108.50533646802  8095.048
4111.32737902706  8484.95
4114.1494215861  8777.879
4116.97146414514  8985.407
4119.79350670418  8957.339
4122.61554926323  9013.908
4125.43759182227  9203.405
4128.25963438131  9096.966
4131.08167694035  9226.618
4133.90371949939  9296.369
4136.72576205843  9750.585
4139.54780461747  9984.905
4142.36984717652  9837.826
4145.19188973556  9818.048
4148.0139322946  9826.7
4150.83597485364  9768.942
4153.65801741268  9692.753
4156.48005997172  9560.087
4159.30210253076  9863.008
4162.12414508981  10034.88
4164.94618764885  10054.77
4167.76823020789  9727.37
4170.59027276693  9419.51
4173.41231532597  9202.864
4176.23435788501  9379.875
4179.05640044406  9500.704
4181.8784430031  9781.849
4184.70048556214  9650.498
4187.52252812118  9702.945
4190.34457068022  9891.744
4193.16661323927  9978.98
4195.98865579831  9787.949
4198.81069835735  9378.078
4201.63274091639  9503.126
4204.45478347543  9691.713
4207.27682603447  9884.528
4210.09886859352  10091.35
4212.92091115256  9950.051
4215.7429537116  9691.473
4218.56499627064  9694.07
4221.38703882968  9739.705
4224.20908138872  9276.419
4227.03112394776  9105.295
4229.85316650681  9668.178
4232.67520906585  9782.859
4235.49725162489  9576.265
4238.31929418393  9664.066
4241.14133674297  9776.045
4243.96337930201  9855.456
4246.78542186106  9670.182
4249.6074644201  9720.343
4252.42950697914  10002.09
4255.25154953818  10090.27
4258.07359209722  9844.829
4260.89563465626  9853.56
4263.71767721531  10233.7
4266.53971977435  10214.14
4269.36176233339  9773.424
4272.18380489243  9638.161
4275.00584745147  9975.708
4277.82789001051  10177.83
4280.64993256955  10094.22
4283.4719751286  9898.211
4286.29401768764  9701.568
4289.11606024668  9283.472
4291.93810280572  9337.433
4294.76014536476  9511.641
4297.5821879238  9137.101
4300.40423048285  8799.285
4303.22627304189  8894.594
4306.04831560093  9042.451
4308.87035815997  9134.467
4311.69240071901  9534.61
4314.51444327805  9714.885
4317.33648583709  9990.186
4320.15852839614  10054.3
4322.98057095518  9698.247
4325.80261351422  9224.342
4328.62465607326  9409.64
4331.4466986323  9246.159
4334.26874119134  8602.039
4337.09078375039  7462.882
4339.91282630943  6548.051
4342.73486886847  7170.613
4345.55691142751  8614.34
4348.37895398655  9528.089
4351.2009965456  9610.498
4354.02303910464  9819.835
4356.84508166368  10431.77
4359.66712422272  10542.05
4362.48916678176  10736.71
4365.3112093408  10958.81
4368.13325189984  10729.01
4370.95529445889  10603.29
4373.77733701793  10517.13
4376.59937957697  10610.64
4379.42142213601  10786.66
4382.24346469505  10410.94
4385.06550725409  10007.41
4387.88754981313  10510.15
4390.70959237218  10500.65
4393.53163493122  10527.29
4396.35367749026  10564.37
4399.1757200493  10481.7
4401.99776260834  10525.4
4404.81980516738  10827.25
4407.64184772643  11052.59
4410.46389028547  11274.36
4413.28593284451  11334.2
4416.10797540355  10913.7
4418.93001796259  11229.98
4421.75206052163  11531.49
4424.57410308068  11450.01
4427.39614563972  11487.85
4430.21818819876  11426.82
4433.0402307578  11224.31
4435.86227331684  11299.88
4438.68431587588  11742.96
4441.50635843493  11664.36
4444.32840099397  11350.95
4447.15044355301  11673.57
4449.97248611205  11645.54
4452.79452867109  11398.21
4455.61657123013  11045.47
4458.43861378918  11136.8
4461.26065634822  11419.92
4464.08269890726  11551.74
4466.9047414663  11750.17
4469.72678402534  11772.47
4472.54882658438  11966.1
4475.37086914342  12072.52
4478.19291170247  11912.95
4481.01495426151  11549.32
4483.83699682055  11585.23
4486.65903937959  11933.97
4489.48108193863  11781.81
4492.30312449767  11686.28
4495.12516705672  11904.32
4497.94720961576  11915.9
4500.7692521748  11897.39
4503.59129473384  12129.97
4506.41333729288  12144.83
4509.23537985192  12088.11
4512.05742241097  12157.11
4514.87946497001  12067.28
4517.70150752905  11885.41
4520.52355008809  11696.82
4523.34559264713  11518.94
4526.16763520617  11221.72
4528.98967776522  11086.39
4531.81172032426  11119.9
4534.6337628833  11334.27
4537.45580544234  11749.35
4540.27784800138  11726.73
4543.09989056042  11556.37
4545.92193311946  11400.
4548.74397567851  11144.75
4551.56601823755  11131.78
4554.38806079659  11215.24
4557.21010335563  11527.23
4560.03214591467  11844.41
4562.85418847371  11892.69
4565.67623103276  11891.75
4568.4982735918  11972.68
4571.32031615084  11856.22
4574.14235870988  11961.04
4576.96440126892  11952.65
4579.78644382797  11533.79
4582.60848638701  11264.39
4585.43052894605  11388.74
4588.25257150509  11606.05
4591.07461406413  11695.54
4593.89665662317  11640.29
4596.71869918221  11775.51
4599.54074174126  11756.73
4602.3627843003  11873.48
4605.18482685934  12066.34
4608.00686941838  12161.17
4610.82891197742  12043.32
4613.65095453646  12089.44
4616.47299709551  12063.06
4619.29503965455  12096.82
4622.11708221359  12264.79
4624.93912477263  12154.64
4627.76116733167  12093.89
4630.58320989071  11948.49
4633.40525244975  11789.07
4636.2272950088  11846.47
4639.04933756784  12043.06
4641.87138012688  12099.75
4644.69342268592  12035.55
4647.51546524496  12018.25
4650.337507804  12194.83
4653.15955036305  12328.21
4655.98159292209  12490.08
4658.80363548113  12635.59
4661.62567804017  12564.06
4664.44772059921  12404.46
4667.26976315825  12109.79
4670.0918057173  12253.86
4672.91384827634  12668.5
4675.73589083538  12776.42
4678.55793339442  12817.2
4681.37997595346  12714.29
4684.2020185125  12779.63
4687.02406107155  12955.11
4689.84610363059  12907.52
4692.66814618963  12935.08
4695.49018874867  13148.62
4698.31223130771  13066.05
4701.13427386675  12673.51
4703.9563164258  12695.3
4706.77835898484  12837.73
4709.60040154388  13073.45
4712.42244410292  13363.14
4715.24448666196  13517.38
4718.066529221  13770.03
4720.88857178004  13825.58
4723.71061433909  13884.05
4726.53265689813  13723.98
4729.35469945717  13492.42
4732.17674201621  13674.95
4734.99878457525  13962.13
4737.82082713429  13996.39
4740.64286969334  14046.87
4743.46491225238  14130.07
4746.28695481142  14211.32
4749.10899737046  14554.11
4751.9310399295  14426.15
4754.75308248854  14292.02
4757.57512504759  14648.5
4760.39716760663  14669.08
4763.21921016567  14332.19
4766.04125272471  14397.65
4768.86329528375  14694.63
4771.68533784279  14949.7
4774.50738040183  15349.23
4777.32942296088  15451.19
4780.15146551992  15475.09
4782.97350807896  15394.02
4785.795550638  15188.5
4788.61759319704  15284.03
4791.43963575608  15385.55
4794.26167831513  15826.1
4797.08372087417  15934.59
4799.90576343321  15695.75
4802.72780599225  15972.2
4805.54984855129  15882.56
4808.37189111033  15894.83
4811.19393366938  16256.55
4814.01597622842  16396.83
4816.83801878746  16475.86
4819.6600613465  16334.07
4822.48210390554  16079.46
4825.30414646458  16035.73
4828.12618902363  16270.44
4830.94823158267  16233.12
4833.77027414171  16206.46
4836.59231670075  16124.81
4839.41435925979  16081.35
4842.23640181883  15941.4
4845.05844437788  15686.86
4847.88048693692  15268.05
4850.70252949596  14845.9
4853.524572055  14023.44
4856.34661461404  12969.21
4859.16865717308  11262.17
4861.99069973212  10543.39
4864.81274229117  12552.6
4867.63478485021  14474.65
4870.45682740925  14795.37
4873.27886996829  15255.95
4876.10091252733  15803.2
4878.92295508637  16344.69
4881.74499764541  16713.05
4884.56704020446  16504.94
4887.3890827635  16475.64
4890.21112532254  16467.75
4893.03316788158  16946.31
4895.85521044062  17665.31
4898.67725299967  17406.5
4901.49929555871  17593.84
4904.32133811775  17512.74
4907.14338067679  17537.79
4909.96542323583  17136.58
4912.78746579487  17587.41
4915.60950835392  17801.02
4918.43155091296  17129.7
4921.253593472  16998.04
4924.07563603104  17190.82
4926.89767859008  17842.12
4929.71972114912  18152.76
4932.54176370817  17872.68
4935.36380626721  17508.96
4938.18584882625  17686.12
4941.00789138529  18223.62
4943.82993394433  18855.97
4946.65197650337  18420.54
4949.47401906241  18555.91
4952.29606162146  18738.68
4955.1181041805  18279.38
4957.94014673954  17910.12
4960.76218929858  18710.68
4963.58423185762  18804.95
4966.40627441666  18732.08
4969.22831697571  18874.61
4972.05035953475  18899.41
4974.87240209379  19011.02
4977.69444465283  18820.93
4980.51648721187  18396.53
4983.33852977091  17986.06
4986.16057232996  18603.5
4988.982614889  19281.68
4991.80465744804  18810.07
4994.62670000708  18943.58
4997.44874256612  19174.31
5000.27078512516  18692.32
5003.09282768421  18379.14
5005.91487024325  18170.55
5008.73691280229  18512.76
5011.55895536133  18520.01
5014.38099792037  18229.54
5017.20304047942  18121.64
5020.02508303846  18604.45
5022.8471255975  19239.71
5025.66916815654  19432.23
5028.49121071558  19607.
5031.31325327462  19873.26
5034.13529583366  19654.36
5036.9573383927  19418.66
5039.77938095175  18794.56
5042.60142351079  19393.34
5045.42346606983  20414.61
5048.24550862887  19900.12
5051.06755118791  19828.74
5053.88959374695  20377.27
5056.711636306  20900.51
5059.53367886504  20775.26
5062.35572142408  20743.94
5065.17776398312  20300.72
5067.99980654216  20642.29
5070.8218491012  20345.34
5073.64389166025  20104.32
5076.46593421929  20276.24
5079.28797677833  20100.33
5082.11001933737  20275.5
5084.93206189641  21045.36
5087.75410445545  21004.08
5090.57614701449  21182.46
5093.39818957354  21249.98
5096.22023213258  20775.92
5099.04227469162  20527.75
5101.86431725066  21305.13
5104.6863598097  21516.65
5107.50840236874  21178.48
5110.33044492779  21552.91
5113.15248748683  22115.88
5115.97453004587  22065.13
5118.79657260491  22222.4
5121.61861516395  21823.45
5124.44065772299  21345.89
5127.26270028204  21448.45
5130.08474284108  21582.63
5132.90678540012  21855.48
5135.72882795916  22071.93
5138.5508705182  21519.28
5141.37291307724  21405.52
5144.19495563629  21878.09
5147.01699819533  22055.36
5149.83904075437  22129.66
5152.66108331341  22149.42
5155.48312587245  22418.48
5158.30516843149  22397.7
5161.12721099054  22238.18
5163.94925354958  21692.36
5166.77129610862  20368.6
5169.59333866766  20429.65
5172.4153812267  20971.55
5175.23742378574  22621.9
5178.05946634478  23043.75
5180.88150890383  22202.33
5183.70355146287  21004.67
5186.52559402191  21937.37
5189.34763658095  22196.71
5192.16967913999  22066.22
5194.99172169903  22168.55
5197.81376425807  22755.56
5200.63580681712  22859.22
5203.45784937616  22710.2
5206.2798919352  22447.11
5209.10193449424  23080.57
5211.92397705329  23712.04
5214.74601961233  23147.78
5217.56806217137  23409.5
5220.39010473041  23836.16
5223.21214728945  23660.3
5226.03418984849  22582.5
5228.85623240753  22900.63
5231.67827496657  23229.05
5234.50031752562  23473.18
5237.32236008466  24288.17
5240.1444026437  24287.25
5242.96644520274  24140.84
5245.78848776178  24394.99
5248.61053032083  24077.1
5251.43257287987  24069.51
5254.25461543891  24280.24
5257.07665799795  24442.61
5259.89870055699  23745.47
5262.72074311603  22414.58
5265.54278567507  22431.36
5268.36482823412  22765.36
5271.18687079316  23296.09
5274.0089133522  23654.02
5276.83095591124  24240.33
5279.65299847028  24515.75
5282.47504102932  24235.06
5285.29708358837  24914.04
5288.11912614741  25373.6
5290.94116870645  25420.39
5293.76321126549  25027.92
5296.58525382453  24420.65
5299.40729638357  24791.14
5302.22933894262  25318.57
5305.05138150166  25377.65
5307.8734240607  25534.63
5310.69546661974  25559.5
5313.51750917878  25457.72
5316.33955173782  24793.16
5319.16159429686  25265.88
5321.98363685591  25175.76
5324.80567941495  24572.46
5327.62772197399  24135.9
5330.44976453303  25450.87
5333.27180709207  25358.54
5336.09384965111  25240.26
5338.91589221016  25079.88
5341.7379347692  25596.12
5344.55997732824  25695.1
5347.38201988728  26007.83
5350.20406244632  25958.67
5353.02610500536  26289.2
5355.84814756441  26653.85
5358.67019012345  26776.67
5361.49223268249  25864.37
5364.31427524153  25517.05
5367.13631780057  25224.32
5369.95836035961  25070.35
5372.78040291866  26041.61
5375.6024454777  26645.99
5378.42448803674  26163.41
5381.24653059578  25780.87
5384.06857315482  26052.93
5386.89061571386  26488.65
5389.71265827291  26259.16
5392.53470083195  26040.02
5395.35674339099  25873.57
5398.17878595003  25711.05
5401.00082850907  25776.84
5403.82287106811  25458.61
5406.64491362715  25897.43
5409.4669561862  26335.85
5412.28899874524  26315.89
5415.11104130428  26277.68
5417.93308386332  26464.28
5420.75512642236  26321.26
5423.5771689814  26361.69
5426.39921154045  26368.88
5429.22125409949  25912.05
5432.04329665853  26090.26
5434.86533921757  26580.11
5437.68738177661  27319.67
5440.50942433565  27222.27
5443.3314668947  26624.72
5446.15350945374  26217.24
5448.97555201278  27169.33
5451.79759457182  27076.66
5454.61963713086  26624.61
5457.4416796899  27129.54
5460.26372224894  27086.64
5463.08576480799  26694.95
5465.90780736703  27078.38
5468.72984992607  27354.84
5471.55189248511  27238.59
5474.37393504415  26375.35
5477.1959776032  26154.06
5480.01802016224  27068.43
5482.84006272128  27648.35
5485.66210528032  27548.97
5488.48414783936  27720.9
5491.3061903984  27514.32
5494.12823295744  27154.52
5496.95027551649  27209.72
5499.77231807553  27163.44
5502.59436063457  27028.32
5505.41640319361  27142.14
5508.23844575265  27285.08
5511.0604883117  27485.39
5513.88253087074  27748.88
5516.70457342978  28146.11
5519.52661598882  27779.7
5522.34865854786  27566.48
5525.1707011069  27046.97
5527.99274366594  27220.22
5530.81478622499  27842.57
5533.63682878403  27908.81
5536.45887134307  28088.91
5539.28091390211  27684.23
5542.10295646115  27896.25
5544.92499902019  27884.72
5547.74704157923  28070.04
5550.56908413828  28089.65
5553.39112669732  27899.72
5556.21316925636  27676.09
5559.0352118154  27952.31
5561.85725437444  27740.85
5564.67929693348  27704.13
5567.50133949253  27617.03
5570.32338205157  27336.65
5573.14542461061  27416.6
5575.96746716965  27806.7
5578.78950972869  27974.
5581.61155228773  27775.91
5584.43359484678  27159.75
5587.25563740582  26546.92
5590.07767996486  27009.55
5592.8997225239  27114.19
5595.72176508294  27386.76
5598.54380764198  27216.26
5601.36585020103  27093.92
5604.18789276007  27793.22
5607.00993531911  28283.79
5609.83197787815  28045.61
5612.65402043719  27706.62
5615.47606299623  27395.19
5618.29810555528  27978.86
5621.12014811432  27951.41
5623.94219067336  27570.07
5626.7642332324  28110.9
5629.58627579144  28159.24
5632.40831835048  27871.7
5635.23036090952  27877.27
5638.05240346857  27933.37
5640.87444602761  27776.5
5643.69648858665  28145.63
5646.51853114569  28324.61
5649.34057370473  28046.28
5652.16261626377  27939.58
5654.98465882282  27194.35
5657.80670138186  27145.09
5660.6287439409  27596.76
5663.45078649994  27645.73
5666.27282905898  27790.21
5669.09487161802  28337.02
5671.91691417707  28331.89
5674.73895673611  27565.98
5677.56099929515  27567.65
5680.38304185419  27636.67
5683.20508441323  27490.42
5686.02712697227  27228.3
5688.84916953132  27398.1
5691.67121209036  27773.11
5694.4932546494  28283.87
5697.31529720844  27982.62
5700.13733976748  27589.05
5702.95938232652  27306.68
5705.78142488557  26958.88
5708.60346744461  26876.32
5711.42551000365  27277.64
5714.24755256269  27920.56
5717.06959512173  28426.59
5719.89163768077  28446.64
5722.71368023982  28657.22
5725.53572279886  28043.24
5728.3577653579  28028.11
5731.17980791694  28118.33
5734.00185047598  28332.02
5736.82389303502  28070.77
5739.64593559407  27914.41
5742.46797815311  27837.9
5745.29002071215  27728.36
5748.11206327119  27717.84
5750.93410583023  27638.5
5753.75614838927  27629.04
5756.57819094831  27927.15
5759.40023350736  27378.62
5762.2222760664  27346.67
5765.04431862544  27792.31
5767.86636118448  27643.63
5770.68840374352  27755.01
5773.51044630256  27779.06
5776.3324888616  27555.24
5779.15453142065  27428.47
5781.97657397969  27337.42
5784.79861653873  27575.55
5787.62065909777  27360.36
5790.44270165681  27114.36
5793.26474421585  27386.4
5796.0867867749  27393.87
5798.90882933394  27500.31
5801.73087189298  27401.14
5804.55291445202  27452.93
5807.37495701106  27425.76
5810.1969995701  27444.31
5813.01904212914  27261.71
5815.84108468819  27585.36
5818.66312724723  27637.03
5821.48516980627  27893.67
5824.30721236531  27802.03
5827.12925492435  27638.11
5829.9512974834  27722.08
5832.77334004244  27736.72
5835.59538260148  27456.58
5838.41742516052  27622.97
5841.23946771956  27716.83
5844.0615102786  27645.4
5846.88355283764  27477.64
5849.70559539669  26996.61
5852.52763795573  26662.25
5855.34968051477  26686.95
5858.17172307381  26843.23
5860.99376563285  27128.01
5863.81580819189  27221.61
5866.63785075094  27689.65
5869.45989330998  27420.67
5872.28193586902  27336.88
5875.10397842806  27446.53
5877.9260209871  27482.98
5880.74806354614  27112.57
5883.57010610519  26823.9
5886.39214866423  26021.76
5889.21419122327  25214.62
5892.03623378231  25881.47
5894.85827634135  25551.87
5897.68031890039  26826.97
5900.50236145944  26991.76
5903.32440401848  26996.65
5906.14644657752  27114.01
5908.96848913656  27078.3
5911.7905316956  26794.75
5914.61257425464  26699.
5917.43461681368  26814.91
5920.25665937273  26906.11
5923.07870193177  26977.7
5925.90074449081  26715.73
5928.72278704985  26771.57
5931.54482960889  26895.27
5934.36687216794  27116.9
5937.18891472698  26918.1
5940.01095728602  26801.52
5942.83299984506  26822.91
5945.6550424041  26557.65
5948.47708496314  26646.43
5951.29912752218  26780.11
5954.12117008123  26839.01
5956.94321264027  26500.18
5959.76525519931  26611.37
5962.58729775835  26934.75
5965.40934031739  26968.47
5968.23138287644  27012.99
5971.05342543548  27020.91
5973.87546799452  26548.15
5976.69751055356  26640.22
5979.5195531126  26612.86
5982.34159567164  26275.14
5985.16363823068  26330.68
5987.98568078973  26404.28
5990.80772334877  26793.09
5993.62976590781  26892.42
5996.45180846685  26687.06
5999.27385102589  26476.25
6002.09589358493  26399.73
6004.91793614397  26313.8
6007.73997870302  26207.3
6010.56202126206  26240.92
6013.3840638211  26552.32
6016.20610638014  26361.29
6019.02814893918  26017.29
6021.85019149822  26071.49
6024.67223405727  26382.27
6027.49427661631  26516.67
6030.31631917535  26650.6
6033.13836173439  26468.02
6035.96040429343  26709.99
6038.78244685247  26716.09
6041.60448941151  26639.08
6044.42653197056  26682.87
6047.2485745296  26812.63
6050.07061708864  26526.53
6052.89265964768  26560.58
6055.71470220672  26574.37
6058.53674476577  26512.28
6061.35878732481  26602.97
6064.18082988385  26544.11
6067.00287244289  26525.68
6069.82491500193  26441.08
6072.64695756097  26591.75
6075.46900012001  26576.16
6078.29104267906  26574.29
6081.1130852381  26503.45
6083.93512779714  26312.82
6086.75717035618  26053.93
6089.57921291522  26003.48
6092.40125547426  26355.71
6095.22329803331  26653.74
6098.04534059235  26188.69
6100.86738315139  25886.75
6103.68942571043  26465.77
6106.51146826947  26706.6
6109.33351082851  26459.62
6112.15555338756  26495.06
6114.9775959466  26671.6
6117.79963850564  26321.88
6120.62168106468  26243.83
6123.44372362372  26221.09
6126.26576618276  26183.78
6129.08780874181  26315.88
6131.90985130085  26429.05
6134.73189385989  25406.6
6137.55393641893  25514.01
6140.37597897797  25800.19
6143.19802153701  26035.62
6146.02006409605  25897.21
6148.8421066551  26018.84
6151.66414921414  26026.21
6154.48619177318  25759.52
6157.30823433222  25447.55
6160.13027689126  25080.94
6162.9523194503  25683.68
6165.77436200935  25552.47
6168.59640456839  25635.58
6171.41844712743  26115.
6174.24048968647  26076.34
6177.06253224551  26103.87
6179.88457480455  26361.16
6182.7066173636  26289.
6185.52865992264  25917.67
6188.35070248168  25959.73
6191.17274504072  26155.4
6193.99478759976  26253.78
6196.8168301588  26238.48
6199.63887271785  26374.54
6202.46091527689  26386.54
6205.28295783593  26337.11
6208.10500039497  26227.89
6210.92704295401  25945.05
6213.74908551305  25974.35
6216.5711280721  26179.15
6219.39317063114  25815.37
6222.21521319018  25958.08
6225.03725574922  26020.98
6227.85929830826  25666.68
6230.6813408673  25646.2
6233.50338342635  25990.32
6236.32542598539  25771.53
6239.14746854443  25605.21
6241.96951110347  25724.34
6244.79155366251  25616.52
6247.61359622155  25432.59
6250.43563878059  25312.11
6253.25768133964  25275.57
6256.07972389868  25516.17
6258.90176645772  25666.09
6261.72380901676  25669.53
6264.5458515758  25942.64
6267.36789413484  26067.91
6270.18993669388  25879.96
6273.01197925293  25236.64
6275.83402181197  24461.09
6278.65606437101  24811.92
6281.47810693005  25363.09
6284.30014948909  25712.22
6287.12219204814  25609.9
6289.94423460718  25349.7
6292.76627716622  25341.28
6295.58831972526  25496.74
6298.4103622843  25231.41
6301.23240484334  25122.77
6304.05444740238  25559.27
6306.87648996143  25635.77
6309.69853252047  25667.87
6312.52057507951  25449.83
6315.34261763855  25108.12
6318.16466019759  25368.2
6320.98670275663  25967.63
6323.80874531568  26201.11
6326.63078787472  26428.57
6329.45283043376  26084.18
6332.2748729928  25749.82
6335.09691555184  25331.1
6337.91895811088  25439.68
6340.74100066993  25559.41
6343.56304322897  25253.52
6346.38508578801  25667.8
6349.20712834705  25862.41
6352.02917090609  25853.61
6354.85121346513  25644.13
6357.67325602418  25474.87
6360.49529858322  25415.35
6363.31734114226  25297.34
6366.1393837013  25491.23
6368.96142626034  25521.92
6371.78346881938  25469.44
6374.60551137843  25678.84
6377.42755393747  25564.28
6380.24959649651  25554.8
6383.07163905555  25892.23
6385.89368161459  25849.15
6388.71572417363  25763.02
6391.53776673268  25357.91
6394.35980929172  25677.61
6397.18185185076  25663.3
6400.0038944098  25713.87
6402.82593696884  25862.23
6405.64797952788  25615.62
6408.47002208692  25495.13
6411.29206464597  25260.18
6414.11410720501  25227.93
6416.93614976405  25272.65
6419.75819232309  25234.88
6422.58023488213  25805.54
6425.40227744118  25967.69
6428.22432000022  25190.43
6431.04636255926  24749.98
6433.8684051183  25219.99
6436.69044767734  25032.66
6439.51249023638  25753.2
6442.33453279542  25703.34
6445.15657535447  25239.96
6447.97861791351  25233.15
6450.80066047255  25402.53
6453.62270303159  25201.09
6456.44474559063  25035.56
6459.26678814967  24922.96
6462.08883070872  24960.35
6464.91087326776  25392.33
6467.7329158268  25270.99
6470.55495838584  25245.68
6473.37700094488  25066.74
6476.19904350392  25220.05
6479.02108606296  25469.16
6481.84312862201  25461.21
6484.66517118105  25610.23
6487.48721374009  25425.66
6490.30925629913  24651.63
6493.13129885817  23938.62
6495.95334141721  24322.12
6498.77538397626  25127.83
6501.5974265353  25555.47
6504.41946909434  25702.34
6507.24151165338  25499.78
6510.06355421242  25330.
6512.88559677146  25047.05
6515.70763933051  24977.55
6518.52968188955  25405.69
6521.35172444859  25614.79
6524.17376700763  25619.17
6526.99580956667  25290.72
6529.81785212571  25212.89
6532.63989468475  25116.18
6535.4619372438  24768.73
6538.28397980284  24712.46
6541.10602236188  24500.55
6543.92806492092  24137.26
6546.75010747996  23951.79
6549.572150039  23617.34
6552.39419259805  22956.06
6555.21623515709  21862.4
6558.03827771613  18840.92
6560.86032027517  15168.43
6563.68236283421  17481.83
6566.50440539325  21226.68
6569.3264479523  22773.54
6572.14849051134  23540.35
6574.97053307038  24043.69
6577.79257562942  24614.48
6580.61461818846  24861.32
6583.4366607475  24571.79
6586.25870330655  24770.15
6589.08074586559  24777.19
6591.90278842463  24689.15
6594.72483098367  24687.1
6597.54687354271  25094.82
6600.36891610175  25332.06
6603.1909586608  25386.5
6606.01300121984  25280.88
6608.83504377888  25491.07
6611.65708633792  25491.82
6614.47912889696  25389.67
6617.301171456  25457.33
6620.12321401504  25374.58
6622.94525657408  25231.49
6625.76729913313  25372.2
6628.58934169217  25479.12
6631.41138425121  25105.42
6634.23342681025  25238.81
6637.05546936929  25602.78
6639.87751192833  25456.42
6642.69955448738  25368.95
6645.52159704642  25609.69
6648.34363960546  25540.88
6651.1656821645  25457.56
6653.98772472355  25613.54
6656.80976728259  25673.26
6659.63180984163  25374.28
6662.45385240067  25319.37
6665.27589495971  25349.18
6668.09793751875  25620.61
6670.91998007779  25623.91
6673.74202263684  25318.61
6676.56406519588  25009.27
6679.38610775492  25213.66
6682.20815031396  25418.68
6685.030192873  25627.92
6687.85223543204  25832.68
6690.67427799109  25609.01
6693.49632055013  25310.71
6696.31836310917  25474.65
6699.14040566821  25548.14
6701.96244822725  25435.43
6704.78449078629  25339.54
6707.60653334533  25331.7
6710.42857590438  25429.33
6713.25061846342  25055.63
6716.07266102246  24777.71
6718.8947035815  24904.3
6721.71674614054  25180.33
6724.53878869958  25290.82
6727.36083125862  25262.02
6730.18287381767  25394.6
6733.00491637671  25154.98
6735.82695893575  24914.46
6738.64900149479  25114.56
6741.47104405383  25280.18
6744.29308661288  25056.2
6747.11512917192  24857.49
6749.93717173096  24809.86
6752.75921429  24974.47
6755.58125684904  24905.88
6758.40329940808  24774.33
6761.22534196712  25084.85
6764.04738452617  24864.64
6766.86942708521  24734.74
6769.69146964425  25009.19
6772.51351220329  25436.33
6775.33555476233  25130.23
6778.15759732137  25044.03
6780.97963988042  25012.44
6783.80168243946  24647.01
6786.6237249985  24774.83
6789.44576755754  24813.23
6792.26781011658  24898.97
6795.08985267562  24786.01
6797.91189523467  24786.43
6800.73393779371  24801.59
6803.55598035275  24850.18
6806.37802291179  24758.27
6809.20006547083  24723.81
6812.02210802987  24581.1
6814.84415058892  24714.24
6817.66619314796  24464.85
6820.488235707  24689.88
6823.31027826604  24825.29
6826.13232082508  24643.68
6828.95436338412  24364.47
6831.77640594317  24421.45
6834.59844850221  24517.56
6837.42049106125  24216.48
6840.24253362029  23916.
6843.06457617933  24229.
6845.88661873837  24476.91
6848.70866129741  24414.03
6851.53070385645  24251.3
6854.3527464155  23837.57
6857.17478897454  24125.6
6859.99683153358  24313.46
6862.81887409262  23198.43
6865.64091665166  19595.32
6868.46295921071  17375.79
6871.28500176975  18508.4
6874.10704432879  19826.79
6876.92908688783  21294.91
6879.75112944687  22635.62
6882.57317200591  22317.07
6885.39521456496  21414.45
6888.217257124  21290.64
6891.03929968304  21542.71
6893.86134224208  21530.5
6896.68338480112  21737.28
6899.50542736016  21956.65
6902.32746991921  22140.41
6905.14951247825  22253.82
6907.97155503729  22488.11
6910.79359759633  22783.45
6913.61564015537  22860.52
6916.43768271441  22993.18
6919.25972527346  22989.49
6922.0817678325  23148.52
6924.90381039154  23112.87
6927.72585295058  23275.02
6930.54789550962  23352.85
6933.36993806866  23333.21
6936.1919806277  23356.41
6939.01402318674  23157.07
6941.83606574579  23043.41
6944.65810830483  23018.49
6947.48015086387  22965.11
6950.30219342291  23243.58
6953.12423598195  23145.71
6955.946278541  23157.55
6958.76832110004  23197.11
6961.59036365908  23317.53
6964.41240621812  23297.59
6967.23444877716  23375.23
6970.0564913362  23420.99
6972.87853389524  23154.18
6975.70057645429  22843.65
6978.52261901333  22748.1
6981.34466157237  23040.56
6984.16670413141  22889.3
6986.98874669045  22898.85
6989.81078924949  23039.6
6992.63283180854  22918.89
6995.45487436758  22757.53
6998.27691692662  22707.51
7001.09895948566  22575.43
7003.9210020447  22255.37
7006.74304460374  22509.21
7009.56508716279  22732.41
7012.38712972183  22472.17
7015.20917228087  22067.4
7018.03121483991  22303.88
7020.85325739895  22544.65
7023.67529995799  22312.48
7026.49734251703  22445.91
7029.31938507608  22459.92
7032.14142763512  22593.02
7034.96347019416  22373.39
7037.7855127532  22236.74
7040.60755531224  22398.03
7043.42959787128  22582.43
7046.25164043033  22682.77
7049.07368298937  22583.61
7051.89572554841  22548.51
7054.71776810745  22343.22
7057.53981066649  22279.57
7060.36185322553  22313.35
7063.18389578458  22243.18
7066.00593834362  22196.61
7068.82798090266  22107.47
7071.6500234617  22085.22
7074.47206602074  22207.33
7077.29410857978  22087.6
7080.11615113882  22128.7
7082.93819369787  22122.47
7085.76023625691  21919.05
7088.58227881595  21901.18
7091.40432137499  21780.07
7094.22636393403  21656.63
7097.04840649308  21710.17
7099.87044905212  21933.74
7102.69249161116  21977.28
7105.5145341702  21915.01
7108.33657672924  21755.43
7111.15861928828  21394.16
7113.98066184733  21378.84
7116.80270440637  21514.2
7119.62474696541  21393.29
7122.44678952445  21348.98
7125.26883208349  21593.44
7128.09087464253  21508.8
7130.91291720158  21333.79
7133.73495976062  21503.09
7136.55700231966  21534.36
7139.3790448787  21572.54
7142.20108743774  21237.95
7145.02312999678  20918.73
7147.84517255583  20787.63
7150.66721511487  20910.62
7153.48925767391  20934.96
7156.31130023295  21048.13
7159.13334279199  21204.57
7161.95538535103  20723.97
7164.77742791007  20102.16
7167.59947046912  20007.09
7170.42151302816  20066.01
7173.2435555872  19787.76
7176.06559814624  19784.82
7178.88764070528  19741.05
7181.70968326432  19083.66
7184.53172582337  18352.05
7187.35376838241  18594.37
7190.17581094145  18927.13
7192.99785350049  19026.23
7195.81989605953  19339.25
7198.64193861857  18973.19
7201.46398117762  18822.53
7204.28602373666  18840.52
7207.1080662957  19114.71
7209.93010885474  19895.2
7212.75215141378  20290.58
7215.57419397282  20101.71
7218.39623653186  19942.39
7221.21827909091  19882.71
7224.04032164995  19722.84
7226.86236420899  19814.74
7229.68440676803  19517.11
7232.50644932707  19016.65
7235.32849188611  18916.91
7238.15053444516  19053.89
7240.9725770042  18722.1
7243.79461956324  18992.31
7246.61666212228  19334.73
7249.43870468132  18942.94
7252.26074724036  18458.54
7255.08278979941  19074.54
7257.90483235845  19441.61
7260.72687491749  19114.89
7263.54891747653  18726.6
7266.37096003557  19094.4
7269.19300259461  19167.72
7272.01504515365  18810.29
7274.8370877127  18451.25
7277.65913027174  18506.38
7280.48117283078  19021.6
7283.30321538982  18925.41
7286.12525794886  18820.79
7288.9473005079  18107.96
7291.76934306695  18113.74
7294.59138562599  18914.94
7297.41342818503  19410.41
7300.23547074407  18781.95
7303.05751330311  18384.5
7305.87955586215  18754.64
7308.70159842119  18589.8
7311.52364098024  18608.49
7314.34568353928  18661.93
7317.16772609832  18508.53
7319.98976865736  18834.21
7322.8118112164  18908.75
7325.63385377545  18634.36
7328.45589633449  18551.06
7331.27793889353  18684.01
7334.09998145257  18612.66
7336.92202401161  18707.03
7339.74406657065  18818.02
7342.5661091297  18707.53
7345.38815168874  18635.88
7348.21019424778  18547.82
7351.03223680682  18435.96
7353.85427936586  18297.2
7356.6763219249  18405.93
7359.49836448395  18439.92
7362.32040704299  18423.61
7365.14244960203  18313.53
7367.96449216107  18318.25
7370.78653472011  18371.85
7373.60857727915  18295.56
7376.4306198382  18274.96
7379.25266239724  18418.98
7382.07470495628  18216.2
7384.89674751532  18052.72
7387.71879007436  17745.51
7390.5408326334  17858.34
7393.36287519244  17802.9
7396.18491775149  18026.53
7399.00696031053  18026.59
7401.82900286957  17840.96
7404.65104542861  17491.73
7407.47308798765  17439.55
7410.29513054669  17584.61
7413.11717310574  17774.21
7415.93921566478  17541.17
7418.76125822382  17529.2
7421.58330078286  17284.69
7424.4053433419  17295.54
7427.22738590094  17490.95
7430.04942845999  17661.01
7432.87147101903  17456.26
7435.69351357807  17564.03
7438.51555613711  17546.75
7441.33759869615  17474.34
7444.15964125519  17227.07
7446.98168381423  17053.37
7449.80372637328  17156.74
7452.62576893232  17284.12
7455.44781149136  17464.79
7458.2698540504  17156.24
7461.09189660944  17153.59
7463.91393916848  17093.14
7466.73598172752  17224.75
7469.55802428657  17170.33
7472.38006684561  17007.56
7475.20210940465  16932.67
7478.02415196369  16862.73
7480.84619452273  17092.47
7483.66823708177  16923.8
7486.49027964082  16930.5
7489.31232219986  17046.24
7492.1343647589  16774.97
7494.95640731794  16389.92
7497.77844987698  16606.35
7500.60049243602  16743.68
7503.42253499507  16688.89
7506.24457755411  16492.4
7509.06662011315  16348.73
7511.88866267219  16016.25
7514.71070523123  16316.49
7517.53274779027  16456.78
7520.35479034932  16428.17
7523.17683290836  16020.01
7525.9988754674  16207.99
7528.82091802644  16160.23
7531.64296058548  16011.96
7534.46500314452  16198.22
7537.28704570356  16364.47
7540.10908826261  16191.04
7542.93113082165  16000.51
7545.75317338069  16240.97
7548.57521593973  16154.86
7551.39725849877  15905.55
7554.21930105782  15762.62
7557.04134361686  15680.56
7559.8633861759  15705.23
7562.68542873494  15719.49
7565.50747129398  15719.75
7568.32951385302  15520.31
7571.15155641207  15526.95
7573.97359897111  15454.29
7576.79564153015  15532.32
7579.61768408919  15355.56
7582.43972664823  15297.63
7585.26176920727  15282.04
7588.08381176632  15162.96
7590.90585432536  14519.62
7593.7278968844  11484.07
7596.54993944344  8203.891
7599.37198200248  6195.157
7602.19402456152  4862.656
7605.01606712057  4436.054
7607.83810967961  4849.943
7610.66015223865  5905.044
7613.48219479769  7740.517
7616.30423735673  10503.18
7619.12627991577  11587.9
7621.94832247481  10168.26
7624.77036503385  8682.415
7627.5924075929  8202.744
7630.41445015194  8372.458
7633.23649271098  8332.86
7636.05853527002  8702.946
7638.88057782906  9211.044
7641.70262038811  9263.429
7644.52466294715  9938.527
7647.34670550619  10325.98
7650.16874806523  10681.13
7652.99079062427  11397.59
7655.81283318331  11385.71
7658.63487574235  11800.72
7661.4569183014  11929.58
7664.27896086044  12185.08
7667.10100341948  12459.87
7669.92304597852  12879.84
7672.74508853756  13099.88
7675.5671310966  13295.53
7678.38917365565  13279.79
7681.21121621469  13342.19
7684.03325877373  13326.98
7686.85530133277  13490.79
7689.67734389181  13238.58
7692.49938645085  13317.57
7695.32142900989  13386.85
7698.14347156894  13269.37
7700.96551412798  13371.98
7703.78755668702  13616.38
7706.60959924606  13710.71
7709.4316418051  13481.72
7712.25368436414  13284.12
7715.07572692319  13052.49
7717.89776948223  13277.05
7720.71981204127  13327.41
7723.54185460031  13270.23
7726.36389715935  13149.03
7729.18593971839  13118.68
7732.00798227744  13199.78
7734.83002483648  13264.99
7737.65206739552  13408.31
7740.47410995456  13244.17
7743.2961525136  12982.81
7746.11819507264  13093.24
7748.94023763169  13045.73
7751.76228019073  12966.26
7754.58432274977  13113.36
7757.40636530881  13156.94
7760.22840786785  13107.07
7763.05045042689  13083.38
7765.87249298593  13168.08
7768.69453554498  13163.86
7771.51657810402  12735.97
7774.33862066306  12321.71
7777.1606632221  12500.63
7779.98270578114  12862.84
7782.80474834018  12940.4
7785.62679089923  12943.64
7788.44883345827  12906.79
7791.27087601731  12790.55
7794.09291857635  12866.8
7796.91496113539  12942.25
7799.73700369443  12680.26
7802.55904625348  12641.16
7805.38108881252  12667.64
7808.20313137156  12616.95
7811.0251739306  12485.71
7813.84721648964  12474.95
7816.66925904868  12561.38
7819.49130160773  12641.8
7822.31334416677  12504.21
7825.13538672581  12411.44
7827.95742928485  12457.38
7830.77947184389  12231.05
7833.60151440293  12034.12
7836.42355696198  12134.79
7839.24559952102  12174.98
7842.06764208006  12061.49
7844.8896846391  12023.55
7847.71172719814  11995.6
7850.53376975718  12059.61
7853.35581231622  12092.33
7856.17785487527  11973.13
7858.99989743431  11980.56
7861.82193999335  11881.87
7864.64398255239  11787.34
7867.46602511143  11810.49
7870.28806767048  11780.24
7873.11011022952  11876.26
7875.93215278856  11719.58
7878.7541953476  11544.02
7881.57623790664  11656.34
7884.39828046568  11524.12
7887.22032302472  11436.19
7890.04236558377  11436.03
7892.86440814281  11365.58
7895.68645070185  11208.74
7898.50849326089  11155.37
7901.33053581993  11153.33
7904.15257837897  11242.97
7906.97462093802  11081.76
7909.79666349706  11083.
7912.6187060561  11083.9
7915.44074861514  10955.05
7918.26279117418  10919.34
7921.08483373322  10760.16
7923.90687629226  10972.26
7926.72891885131  10929.21
7929.55096141035  10691.44
7932.37300396939  10684.48
7935.19504652843  10697.41
7938.01708908747  10661.3
7940.83913164651  10723.84
7943.66117420556  10655.87
7946.4832167646  10551.5
7949.30525932364  10529.25
7952.12730188268  10642.26
7954.94934444172  10575.19
7957.77138700076  10452.61
7960.59342955981  10423.16
7963.41547211885  10477.1
7966.23751467789  10400.68
7969.05955723693  10380.42
7971.88159979597  10421.
7974.70364235501  10376.35
7977.52568491406  10398.46
7980.3477274731  10312.46
7983.16977003214  10194.51
7985.99181259118  10237.72
7988.81385515022  10193.46
7991.63589770926  10175.67
7994.45794026831  10067.79
7997.27998282735  9877.97
8000.10202538639  9891.826
8002.92406794543  9942.185
8005.74611050447  9882.202
8008.56815306351  9919.277
8011.39019562256  9825.907
8014.2122381816  9802.85
8017.03428074064  9752.408
8019.85632329968  9749.827
8022.67836585872  9833.414
8025.50040841776  9758.214
8028.32245097681  9666.134
8031.14449353585  9600.293
8033.96653609489  9504.903
8036.78857865393  9432.917
8039.61062121297  9547.073
8042.43266377201  9482.414
8045.25470633105  9388.693
8048.0767488901  9304.563
8050.89879144914  9322.247
8053.72083400818  9351.833
8056.54287656722  9260.188
8059.36491912626  9289.398
8062.1869616853  9329.572
8065.00900424435  9242.747
8067.83104680339  9175.861
8070.65308936243  9083.603
8073.47513192147  9139.001
8076.29717448051  9068.39
8079.11921703955  8907.967
8081.9412595986  8933.388
8084.76330215764  8839.054
8087.58534471668  8970.496
8090.40738727572  8965.219
8093.22942983476  8792.54
8096.0514723938  8697.262
8098.87351495285  8700.867
8101.69555751189  8734.689
8104.51760007093  8655.902
8107.33964262997  8642.814
8110.16168518901  8587.15
8112.98372774805  8597.116
8115.80577030709  8571.088
8118.62781286614  8433.783
8121.44985542518  8406.873
8124.27189798422  8428.62
8127.09394054326  8440.948
8129.9159831023  8308.053
8132.73802566134  8056.208
8135.56006822039  8070.674
8138.38211077943  8175.226
8141.20415333847  8032.608
8144.02619589751  8071.159
8146.84823845655  7978.654
8149.67028101559  7833.852
8152.49232357463  7773.912
8155.31436613368  7827.7
8158.13640869272  7795.022
8160.95845125176  7379.742
8163.7804938108  7161.674
8166.60253636984  7365.351
8169.42457892888  7466.896
8172.24662148793  7521.127
8175.06866404697  7364.755
8177.89070660601  7124.25
8180.71274916505  7230.462
8183.53479172409  7233.339
8186.35683428314  7235.848
8189.17887684218  7230.245
8192.00091940122  7201.718
8194.82296196026  7136.899
8197.6450045193  6990.102
8200.46704707834  7247.979
8203.28908963738  7409.161
8206.11113219643  7502.375
8208.93317475547  7485.745
8211.75521731451  7289.748
8214.57725987355  7295.512
8217.39930243259  7110.65
8220.22134499163  7181.375
8223.04338755068  7164.27
8225.86543010972  6708.334
8228.68747266876  6299.333
8231.5095152278  6519.495
8234.33155778684  6873.047
8237.15360034588  7071.392
8239.97564290493  7086.277
8242.79768546397  7046.321
8245.61972802301  7188.182
8248.44177058205  7098.974
8251.26381314109  7014.011
8254.08585570013  6972.088
8256.90789825918  6957.303
8259.72994081821  6980.492
8262.55198337726  7017.325
8265.3740259363  6982.362
8268.19606849534  7015.648
8271.01811105438  6873.562
8273.84015361342  6662.255
8276.66219617247  6659.661
8279.48423873151  6599.808
8282.30628129055  6628.416
8285.12832384959  6628.952
8287.95036640863  6542.68
8290.77240896767  6590.408
8293.59445152672  6566.426
8296.41649408576  6560.312
8299.2385366448  6622.631
8302.06057920384  6504.767
8304.88262176288  6399.494
8307.70466432192  6447.291
8310.52670688096  6465.826
8313.34874944001  6417.013
8316.17079199905  6411.395
8318.99283455809  6306.461
8321.81487711713  6253.228
8324.63691967617  6389.938
8327.45896223521  6335.688
8330.28100479426  6278.788
8333.1030473533  6240.229
8335.92508991234  6156.783
8338.74713247138  6172.619
8341.56917503042  6209.604
8344.39121758946  6317.517
8347.21326014851  6213.533
8350.03530270755  6281.311
8352.85734526659  6251.246
8355.67938782563  6298.875
8358.50143038467  6248.485
8361.32347294371  6170.325
8364.14551550275  6214.206
8366.9675580618  6148.751
8369.78960062084  6137.239
8372.61164317988  6177.472
8375.43368573892  6083.948
8378.25572829796  6051.291
8381.07777085701  6117.97
8383.89981341605  5982.435
8386.72185597509  5820.727
8389.54389853413  5958.698
8392.36594109317  5992.771
8395.18798365221  5995.136
8398.01002621125  6040.397
8400.8320687703  6021.531
8403.65411132934  5935.87
8406.47615388838  5938.594
8409.29819644742  5863.302
8412.12023900646  5818.671
8414.94228156551  5847.515
8417.76432412455  5730.774
8420.58636668359  5816.138
8423.40840924263  5846.169
8426.23045180167  5718.229
8429.05249436071  5724.415
8431.87453691975  5687.923
8434.69657947879  5604.436
8437.51862203784  5619.299
8440.34066459688  5609.169
8443.16270715592  5580.969
8445.98474971496  5428.754
8448.806792274  5488.375
8451.62883483305  5537.729
8454.45087739209  5576.443
8457.27291995113  5599.908
8460.09496251017  5505.021
8462.91700506921  5546.39
8465.73904762825  5473.966
8468.56109018729  5331.376
8471.38313274634  5390.119
8474.20517530538  5326.764
8477.02721786442  5432.997
8479.84926042346  5424.161
8482.6713029825  5355.473
8485.49334554155  5364.228
8488.31538810058  5345.569
8491.13743065963  5259.236
8493.95947321867  5083.561
8496.78151577771  4715.985
8499.60355833675  4662.25
8502.42560089579  4842.111
8505.24764345484  4961.326
8508.06968601388  5086.412
8510.89172857292  5112.042
8513.71377113196  5052.557
8516.535813691  5038.176
8519.35785625004  5080.298
8522.17989880909  5127.047
8525.00194136813  5120.546
8527.82398392717  5081.239
8530.64602648621  5010.333
8533.46806904525  4934.706
8536.29011160429  4807.882
8539.11215416333  4273.969
8541.93419672238  3602.419
8544.75623928142  3971.279
8547.57828184046  4497.144
8550.4003243995  4766.49
8553.22236695854  4759.093
8556.04440951758  4762.497
8558.86645207663  4796.454
8561.68849463567  4774.385
8564.51053719471  4730.151
8567.33257975375  4790.183
8570.15462231279  4736.928
8572.97666487183  4641.468
8575.79870743088  4603.57
8578.62074998992  4707.958
8581.44279254896  4679.709
8584.264835108  4585.472
8587.08687766704  4535.402
8589.90892022608  4497.073
8592.73096278512  4448.909
8595.55300534417  4406.667
8598.37504790321  4324.289
8601.19709046225  4347.826
8604.01913302129  4414.73
8606.84117558033  4427.968
8609.66321813937  4348.406
8612.48526069842  4311.102
8615.30730325746  4368.087
8618.1293458165  4333.803
8620.95138837554  4347.78
8623.77343093458  4398.574
8626.59547349362  4355.077
8629.41751605267  4355.979
8632.23955861171  4327.921
8635.06160117075  4280.913
8637.88364372979  4258.34
8640.70568628883  4214.648
8643.52772884787  4176.927
8646.34977140692  4107.553
8649.17181396596  3981.226
8651.993856525  3973.052
8654.81589908404  3962.864
8657.63794164308  3836.264
8660.45998420212  3263.007
8663.28202676116  3212.58
8666.10406932021  3506.57
8668.92611187925  3820.213
8671.74815443829  3869.784
8674.57019699733  3885.615
8677.39223955637  3902.461
8680.21428211542  3878.201
8683.03632467446  3915.533
8685.8583672335  3905.607
8688.68040979254  3894.119
8691.50245235158  3909.687
8694.32449491062  3916.818
8697.14653746966  3858.003
8699.96858002871  3866.992
8702.79062258775  3873.203
8705.61266514679  3816.096
8708.43470770583  3814.436
8711.25675026487  3793.881
8714.07879282392  3753.405
8716.90083538296  3712.816
8719.722877942  3734.453
8722.54492050104  3730.403
8725.36696306008  3697.196
8728.18900561912  3643.37
8731.01104817816  3671.925
8733.83309073721  3534.472
8736.65513329625  3478.72
8739.47717585529  3551.637
8742.29921841433  3474.307
8745.12126097337  3454.887
8747.94330353241  3412.951
8750.76534609146  3317.028
8753.5873886505  3380.455
8756.40943120954  3407.176
8759.23147376858  3458.981
8762.05351632762  3411.941
8764.87555888666  3452.128
8767.6976014457  3476.293
8770.51964400475  3462.937
8773.34168656379  3413.425
8776.16372912283  3378.742
8778.98577168187  3406.309
8781.80781424091  3436.627
8784.62985679995  3412.809
8787.451899359  3349.591
8790.27394191804  3297.035
8793.09598447708  3294.969
8795.91802703612  3288.717
8798.74006959516  3276.2
8801.5621121542  3291.19
8804.38415471325  3195.412
8807.20619727229  3142.773
8810.02823983133  3236.063
8812.85028239037  3257.385
8815.67232494941  3246.446
8818.49436750845  3215.592
8821.3164100675  3131.67
8824.13845262654  3141.658
8826.96049518558  3179.575
8829.78253774462  3107.595
8832.60458030366  3091.712
8835.4266228627  3100.571
8838.24866542174  3074.681
8841.07070798079  3049.043
8843.89275053983  2980.81
8846.71479309887  3033.508
8849.53683565791  2991.435
8852.35887821695  2885.444
8855.180920776  2816.48
8858.00296333504  2772.338
8860.82500589408  2678.785
8863.64704845312  2645.413
8866.46909101216  2723.573
8869.2911335712  2804.215
8872.11317613025  2812.711
8874.93521868929  2799.553
8877.75726124833  2813.501
8880.57930380737  2797.773
8883.40134636641  2801.923
8886.22338892545  2824.524
8889.04543148449  2782.542
8891.86747404353  2750.487
8894.68951660258  2806.121
8897.51155916162  2742.229
8900.33360172066  2706.313
8903.1556442797  2709.625
8905.97768683874  2685.054
8908.79972939779  2684.89
8911.62177195683  2603.589
8914.44381451587  2628.55
8917.26585707491  2656.832
8920.08789963395  2670.831
8922.90994219299  2575.033
8925.73198475203  2506.779
8928.55402731107  2455.15
8931.37606987012  2480.643
8934.19811242916  2476.005
8937.0201549882  2487.104
8939.84219754724  2511.028
8942.66424010628  2458.223
8945.48628266533  2404.002
8948.30832522437  2343.181
8951.13036778341  2309.318
8953.95241034245  2325.76
8956.77445290149  2284.408
8959.59649546053  2200.779
8962.41853801957  2164.709
8965.24058057862  2189.368
8968.06262313766  2130.617
8970.8846656967  2151.749
8973.70670825574  2178.17
8976.52875081478  2177.389
8979.35079337383  2139.273
8982.17283593287  2123.674
