3214.23781505  9144.895
3217.05840901519  2521.549
3219.87900298037  1472.518
3222.69959694556  1676.931
3225.52019091074  1656.419
3228.34078487593  1760.39
3231.16137884111  1807.698
3233.9819728063  1760.762
3236.80256677148  1702.193
3239.62316073666  1716.965
3242.44375470185  1795.946
3245.26434866703  1925.641
3248.08494263222  2030.133
3250.9055365974  2172.516
3253.72613056259  2190.75
3256.54672452777  2124.489
3259.36731849296  2115.208
3262.18791245814  2226.258
3265.00850642332  2392.616
3267.82910038851  2509.313
3270.64969435369  2597.458
3273.47028831888  2681.937
3276.29088228406  2670.442
3279.11147624925  2620.035
3281.93207021443  2573.694
3284.75266417961  2542.94
3287.5732581448  2564.617
3290.39385210998  2692.366
3293.21444607517  2777.178
3296.03504004035  2861.831
3298.85563400554  3062.65
3301.67622797072  3263.95
3304.49682193591  3296.555
3307.31741590109  3252.166
3310.13800986628  3218.934
3312.95860383146  3178.02
3315.77919779665  3151.762
3318.59979176183  3173.603
3321.42038572701  3279.127
3324.2409796922  3370.078
3327.06157365738  3338.106
3329.88216762257  3246.768
3332.70276158775  3273.278
3335.52335555294  3374.802
3338.34394951812  3438.629
3341.16454348331  3398.122
3343.98513744849  3425.465
3346.80573141367  3485.189
3349.62632537886  3563.113
3352.44691934404  3619.155
3355.26751330923  3537.75
3358.08810727441  3669.927
3360.9087012396  3885.517
3363.72929520478  3879.993
3366.54988916997  3711.888
3369.37048313515  3718.648
3372.19107710033  3878.017
3375.01167106552  3828.159
3377.8322650307  3834.66
3380.65285899589  4050.396
3383.47345296107  4085.256
3386.29404692626  4003.301
3389.11464089144  4111.505
3391.93523485663  4327.338
3394.75582882181  4339.25
3397.576422787  4252.883
3400.39701675218  4302.623
3403.21761071736  4546.777
3406.03820468255  4630.754
3408.85879864773  4495.266
3411.67939261292  4456.039
3414.4999865781  4489.389
3417.32058054329  4585.3
3420.14117450847  4656.588
3422.96176847366  4733.756
3425.78236243884  4826.482
3428.60295640402  4794.502
3431.42355036921  4818.622
3434.24414433439  4935.792
3437.06473829958  4907.392
3439.88533226476  4823.406
3442.70592622995  4631.544
3445.52652019513  4449.847
3448.34711416032  4406.909
3451.1677081255  4716.419
3453.98830209069  4993.776
3456.80889605587  4979.928
3459.62949002105  4917.796
3462.45008398624  4918.855
3465.27067795142  4978.309
3468.09127191661  5078.3
3470.91186588179  5268.745
3473.73245984698  5396.118
3476.55305381216  5300.5
3479.37364777735  5300.273
3482.19424174253  5454.768
3485.01483570771  5572.39
3487.8354296729  5595.945
3490.65602363808  5640.676
3493.47661760327  5614.655
3496.29721156845  5559.272
3499.11780553364  5575.269
3501.93839949882  5826.061
3504.75899346401  6144.906
3507.57958742919  6299.995
3510.40018139438  6178.525
3513.22077535956  6124.865
3516.04136932474  6171.508
3518.86196328993  6309.832
3521.68255725511  6319.96
3524.5031512203  6192.457
3527.32374518548  6094.304
3530.14433915067  6176.938
3532.96493311585  6483.79
3535.78552708104  6612.113
3538.60612104622  6790.872
3541.42671501141  6919.678
3544.24730897659  7058.685
3547.06790294177  7174.816
3549.88849690696  7214.812
3552.70909087214  7285.738
3555.52968483733  7238.981
3558.35027880251  7321.911
3561.1708727677  7331.627
3563.99146673288  7428.706
3566.81206069806  7277.068
3569.63265466325  6855.96
3572.45324862843  6722.729
3575.27384259362  6752.104
3578.0944365588  6982.239
3580.91503052399  7117.606
3583.73562448917  6771.167
3586.55621845436  6631.979
3589.37681241954  6688.965
3592.19740638473  7104.772
3595.01800034991  7479.479
3597.8385943151  7740.858
3600.65918828028  7935.208
3603.47978224546  7779.862
3606.30037621065  7566.99
3609.12097017583  7535.597
3611.94156414102  7525.078
3614.7621581062  7387.147
3617.58275207139  7451.118
3620.40334603657  7460.998
3623.22394000176  7509.936
3626.04453396694  7910.866
3628.86512793213  8176.322
3631.68572189731  7960.566
3634.50631586249  7816.368
3637.32690982768  7919.555
3640.14750379286  8243.098
3642.96809775805  8216.283
3645.78869172323  7985.45
3648.60928568842  8134.409
3651.4298796536  8328.68
3654.25047361879  8594.188
3657.07106758397  8902.59
3659.89166154915  8962.058
3662.71225551434  8921.312
3665.53284947952  8824.609
3668.35344344471  8862.328
3671.17403740989  8877.87
3673.99463137508  8954.108
3676.81522534026  8901.144
3679.63581930545  8768.935
3682.45641327063  8775.814
3685.27700723582  8834.434
3688.097601201  8906.521
3690.91819516618  9180.786
3693.73878913137  9486.622
3696.55938309655  9594.803
3699.37997706174  9606.765
3702.20057102692  9555.967
3705.02116499211  9072.702
3707.84175895729  8864.121
3710.66235292248  9129.518
3713.48294688766  9657.127
3716.30354085284  10145.08
3719.12413481803  10088.55
3721.94472878321  9572.521
3724.7653227484  9774.881
3727.58591671358  10460.93
3730.40651067877  10307.54
3733.22710464395  9492.639
3736.04769860914  9047.863
3738.86829257432  9983.19
3741.68888653951  10957.11
3744.50948050469  10688.63
3747.33007446987  9692.827
3750.15066843506  9148.512
3752.97126240024  10053.74
3755.79185636543  11437.31
3758.61245033061  12003.2
3761.4330442958  11919.48
3764.25363826098  11754.79
3767.07423222617  11068.34
3769.89482619135  10105.15
3772.71542015653  10380.45
3775.53601412172  11944.82
3778.3566080869  13513.94
3781.17720205209  14281.24
3783.99779601727  14546.05
3786.81838998246  13962.15
3789.63898394764  13084.98
3792.45957791283  12075.42
3795.28017187801  10862.38
3798.10076584319  10204.32
3800.92135980838  11354.92
3803.74195377356  13298.48
3806.56254773875  14644.72
3809.38314170393  15322.68
3812.20373566912  15545.39
3815.0243296343  15283.41
3817.84492359949  15166.59
3820.66551756467  15048.1
3823.48611152986  14276.8
3826.30670549504  13231.69
3829.12729946022  11953.74
3831.94789342541  10598.42
3834.76848739059  9748.463
3837.58908135578  10333.53
3840.40967532096  12405.24
3843.23026928615  14434.6
3846.05086325133  15867.84
3848.87145721652  16823.6
3851.6920511817  17377.15
3854.51264514688  17658.11
3857.33323911207  17620.08
3860.15383307725  17670.77
3862.97442704244  18405.35
3865.79502100762  18695.51
3868.61561497281  18366.52
3871.43620893799  17785.65
3874.25680290318  17126.34
3877.07739686836  16636.88
3879.89799083355  15912.15
3882.71858479873  14619.56
3885.53917876391  12633.43
3888.3597727291  11287.9
3891.18036669428  12051.82
3894.00096065947  14025.66
3896.82155462465  15659.45
3899.64214858984  16427.71
3902.46274255502  17113.97
3905.28333652021  17597.23
3908.10393048539  18333.91
3910.92452445058  18835.88
3913.74511841576  18781.28
3916.56571238095  18571.11
3919.38630634613  18223.54
3922.20690031131  17861.53
3925.0274942765  16546.16
3927.84808824168  13908.63
3930.66868220687  10741.7
3933.48927617205  9419.565
3936.30987013724  11593.63
3939.13046410242  15134.22
3941.9510580676  17157.44
3944.77165203279  17699.34
3947.59224599797  17884.66
3950.41283996316  17831.67
3953.23343392834  17632.04
3956.05402789353  16994.77
3958.87462185871  15800.43
3961.6952158239  13921.56
3964.51580978908  11302.53
3967.33640375426  9214.956
3970.15699771945  9560.289
3972.97759168463  12292.72
3975.79818564982  15042.89
3978.618779615  16762.76
3981.43937358019  17772.33
3984.25996754537  18288.26
3987.08056151056  18813.49
3989.90115547574  19294.5
3992.72174944093  19668.54
3995.54234340611  19778.71
3998.36293737129  19819.35
4001.18353133648  20125.8
4004.00412530166  20050.79
4006.82471926685  20060.16
4009.64531323203  20568.74
4012.46590719722  21128.
4015.2865011624  21210.62
4018.10709512759  21320.27
4020.92768909277  21564.
4023.74828305796  21526.12
4026.56887702314  21283.46
4029.38947098833  20867.33
4032.21006495351  20764.2
4035.03065891869  21535.63
4037.85125288388  22114.94
4040.67184684906  21825.36
4043.49244081425  21347.69
4046.31303477943  21349.08
4049.13362874462  21869.92
4051.9542227098  21751.79
4054.77481667498  21303.22
4057.59541064017  21253.65
4060.41600460535  21225.9
4063.23659857054  21204.1
4066.05719253572  21553.8
4068.87778650091  21320.14
4071.69838046609  21083.19
4074.51897443128  20539.04
4077.33956839646  20303.04
4080.16016236165  20639.1
4082.98075632683  20785.82
4085.80135029201  20574.19
4088.6219442572  20273.56
4091.44253822238  19392.19
4094.26313218757  17705.06
4097.08372615275  15628.55
4099.90432011794  13905.91
4102.72491408312  14517.03
4105.54550804831  16871.55
4108.36610201349  19143.23
4111.18669597868  20435.9
4114.00728994386  21435.27
4116.82788390904  21930.68
4119.64847787423  21865.9
4122.46907183941  22100.48
4125.2896658046  22445.19
4128.11025976978  22538.23
4130.93085373497  22677.1
4133.75144770015  23351.37
4136.57204166534  24148.94
4139.39263563052  24420.
4142.2132295957  24307.59
4145.03382356089  23961.04
4147.85441752607  24410.81
4150.67501149126  24266.68
4153.49560545644  23828.96
4156.31619942163  23773.7
4159.13679338681  24462.19
4161.957387352  24520.98
4164.77798131718  24428.03
4167.59857528236  24164.07
4170.41916924755  23329.94
4173.23976321273  22987.75
4176.06035717792  23222.46
4178.8809511431  23611.49
4181.70154510829  23642.73
4184.52213907347  23949.43
4187.34273303866  24044.89
4190.16332700384  24388.81
4192.98392096903  24407.29
4195.80451493421  23891.82
4198.62510889939  23143.08
4201.44570286458  23533.95
4204.26629682976  24008.88
4207.08689079495  24387.29
4209.90748476013  24778.04
4212.72807872532  24559.02
4215.5486726905  24009.92
4218.36926665569  23929.02
4221.18986062087  23895.96
4224.01045458605  22946.34
4226.83104855124  23005.97
4229.65164251642  23835.5
4232.47223648161  24018.2
4235.29283044679  23714.53
4238.11342441198  23839.28
4240.93401837716  24099.1
4243.75461234235  24046.74
4246.57520630753  23690.31
4249.39580027272  23842.84
4252.2163942379  24527.49
4255.03698820308  24601.99
4257.85758216827  24481.08
4260.67817613345  24524.8
4263.49877009864  24908.73
4266.31936406382  24927.46
4269.13995802901  24300.93
4271.96055199419  24120.32
4274.78114595938  24674.46
4277.60173992456  25140.54
4280.42233388975  24914.5
4283.24292785493  24480.92
4286.06352182011  23958.74
4288.8841157853  23543.15
4291.70470975048  23702.56
4294.52530371567  23499.61
4297.34589768085  22927.24
4300.16649164604  22420.5
4302.98708561122  22488.81
4305.80767957641  23017.3
4308.62827354159  23245.3
4311.44886750678  23530.28
4314.26946147196  23712.02
4317.09005543714  23843.29
4319.91064940233  23747.2
4322.73124336751  23008.32
4325.5518373327  22176.79
4328.37243129788  21832.79
4331.19302526307  21084.43
4334.01361922825  19064.43
4336.83421319344  16553.47
4339.65480715862  15351.84
4342.47540112381  17137.39
4345.29599508899  20251.22
4348.11658905417  21916.18
4350.93718301936  22653.33
4353.75777698454  23514.17
4356.57837094973  24636.02
4359.39896491491  25323.59
4362.2195588801  25829.68
4365.04015284528  25959.46
4367.86074681046  25538.77
4370.68134077565  25414.16
4373.50193474083  25454.18
4376.32252870602  25778.92
4379.1431226712  25979.28
4381.96371663639  25138.91
4384.78431060157  24885.51
4387.60490456676  25629.69
4390.42549853194  25727.8
4393.24609249713  25693.
4396.06668646231  25497.93
4398.8872804275  25270.
4401.70787439268  25272.06
4404.52846835786  25660.58
4407.34906232305  26053.19
4410.16965628823  26647.97
4412.99025025342  26462.23
4415.8108442186  26447.15
4418.63143818379  26986.68
4421.45203214897  27566.31
4424.27262611415  27387.3
4427.09322007934  27578.75
4429.91381404452  27344.67
4432.73440800971  27133.04
4435.55500197489  27580.63
4438.37559594008  27823.46
4441.19618990526  27486.29
4444.01678387045  27424.47
4446.83737783563  27952.5
4449.65797180082  27780.7
4452.478565766  27029.23
4455.29915973119  26896.36
4458.11975369637  26863.35
4460.94034766155  27187.62
4463.76094162674  27534.75
4466.58153559192  27443.75
4469.40212955711  27705.38
4472.22272352229  28311.41
4475.04331748748  28242.96
4477.86391145266  27598.55
4480.68450541785  26930.75
4483.50509938303  27315.93
4486.32569334821  27962.
4489.1462873134  27976.21
4491.96688127858  28064.07
4494.78747524377  28459.11
4497.60806920895  28627.32
4500.42866317413  28563.69
4503.24925713932  28945.21
4506.06985110451  29063.
4508.89044506969  29079.66
4511.71103903487  28890.
4514.53163300006  28308.07
4517.35222696524  28071.74
4520.17282093043  27709.18
4522.99341489561  27167.62
4525.8140088608  26825.82
4528.63460282598  26565.92
4531.45519679117  26669.14
4534.27579075635  27159.59
4537.09638472153  27800.34
4539.91697868672  27937.14
4542.7375726519  27527.85
4545.55816661709  26864.39
4548.37876058227  26128.56
4551.19935454746  26039.8
4554.01994851264  26310.41
4556.84054247783  26973.63
4559.66113644301  27493.62
4562.4817304082  27491.51
4565.30232437338  27454.46
4568.12291833857  27419.04
4570.94351230375  27721.66
4573.76410626893  27782.04
4576.58470023412  27690.95
4579.4052941993  27146.1
4582.22588816449  26764.89
4585.04648212967  26747.1
4587.86707609486  27057.09
4590.68767006004  27451.6
4593.50826402522  27823.11
4596.32885799041  27971.63
4599.14945195559  28175.17
4601.97004592078  28290.17
4604.79063988596  28463.12
4607.61123385115  28654.71
4610.43182781633  28505.83
4613.25242178152  28648.69
4616.0730157467  28677.52
4618.89360971189  28476.16
4621.71420367707  28843.42
4624.53479764225  28976.46
4627.35539160744  28827.34
4630.17598557263  28847.98
4632.99657953781  28620.1
4635.81717350299  28627.91
4638.63776746818  28725.34
4641.45836143336  28799.56
4644.27895539855  28396.31
4647.09954936373  28011.58
4649.92014332892  28068.44
4652.7407372941  28040.1
4655.56133125928  27813.96
4658.38192522447  28079.57
4661.20251918965  28113.65
4664.02311315484  27664.1
4666.84370712002  27133.31
4669.66430108521  27593.96
4672.48489505039  28256.73
4675.30548901558  28201.33
4678.12608298076  28474.94
4680.94667694595  28725.79
4683.76727091113  28795.75
4686.58786487631  28971.79
4689.4084588415  28883.77
4692.22905280668  28801.12
4695.04964677187  28847.67
4697.87024073705  28755.57
4700.69083470224  28659.67
4703.51142866742  28765.21
4706.33202263261  29155.16
4709.15261659779  29595.56
4711.97321056297  30070.25
4714.79380452816  30540.72
4717.61439849334  31139.89
4720.43499245853  32033.15
4723.25558642371  32171.56
4726.0761803889  32080.11
4728.89677435408  31836.9
4731.71736831926  31980.15
4734.53796228445  32277.81
4737.35855624963  32609.89
4740.17915021482  32956.41
4742.99974418  33301.98
4745.82033814519  33520.84
4748.64093211037  33681.07
4751.46152607556  33630.25
4754.28212004074  33454.18
4757.10271400593  33622.59
4759.92330797111  33681.68
4762.7439019363  33639.3
4765.56449590148  33398.01
4768.38508986666  33802.62
4771.20568383185  34334.55
4774.02627779703  34852.34
4776.84687176222  35118.18
4779.6674657274  35296.26
4782.48805969259  35352.52
4785.30865365777  34811.65
4788.12924762295  35063.54
4790.94984158814  35728.71
4793.77043555332  36254.31
4796.59102951851  36262.81
4799.41162348369  36414.39
4802.23221744888  36114.97
4805.05281141406  36234.96
4807.87340537925  36533.45
4810.69399934443  36768.43
4813.51459330962  36763.92
4816.3351872748  37339.3
4819.15578123999  36761.57
4821.97637520517  36468.8
4824.79696917035  36651.22
4827.61756313554  36650.88
4830.43815710072  36749.23
4833.25875106591  36849.25
4836.07934503109  36570.66
4838.89993899628  36275.77
4841.72053296146  35682.58
4844.54112692665  35108.59
4847.36172089183  34168.07
4850.18231485701  32911.62
4853.0029088222  30665.72
4855.82350278738  27700.4
4858.64409675257  24629.3
4861.46469071775  23601.63
4864.28528468294  26668.66
4867.10587864812  30877.47
4869.92647261331  33016.9
4872.74706657849  34080.
4875.56766054368  35152.25
4878.38825450886  36536.33
4881.20884847404  37265.34
4884.02944243923  37111.28
4886.85003640441  37045.87
4889.6706303696  37296.18
4892.49122433478  38044.07
4895.31181829997  39382.14
4898.13241226515  39573.48
4900.95300623034  39368.04
4903.77360019552  39542.97
4906.59419416071  39492.91
4909.41478812589  39239.63
4912.23538209107  39609.
4915.05597605626  39811.05
4917.87657002144  39086.43
4920.69716398663  38342.04
4923.51775795181  39064.13
4926.338351917  40394.99
4929.15894588218  40784.99
4931.97953984737  40459.43
4934.80013381255  39848.58
4937.62072777774  40363.79
4940.44132174292  41604.7
4943.2619157081  42157.63
4946.08250967329  42213.95
4948.90310363847  42094.51
4951.72369760366  42321.63
4954.54429156884  41853.77
4957.36488553403  41113.96
4960.18547949921  41645.57
4963.0060734644  42709.32
4965.82666742958  42373.51
4968.64726139476  41982.31
4971.46785535995  42576.86
4974.28844932513  42909.8
4977.10904329032  42755.95
4979.9296372555  41108.57
4982.75023122069  40492.41
4985.57082518587  40887.07
4988.39141915106  42167.03
4991.21201311624  42317.62
4994.03260708142  42454.59
4996.85320104661  42619.84
4999.67379501179  42111.91
5002.49438897698  41534.2
5005.31498294216  41796.14
5008.13557690735  42391.8
5010.95617087253  42775.72
5013.77676483772  41958.06
5016.5973588029  41627.98
5019.41795276809  42220.59
5022.23854673327  42890.63
5025.05914069845  43603.04
5027.87973466364  43423.07
5030.70032862882  43776.6
5033.52092259401  44300.09
5036.34151655919  43769.23
5039.16211052438  42910.79
5041.98270448956  43362.74
5044.80329845475  45132.6
5047.62389241993  45366.16
5050.44448638512  44599.51
5053.2650803503  45014.61
5056.08567431548  46475.02
5058.90626828067  47075.67
5061.72686224585  46425.18
5064.54745621104  45635.7
5067.36805017622  45736.92
5070.18864414141  45733.18
5073.00923810659  45713.97
5075.82983207178  45795.73
5078.65042603696  45653.18
5081.47102000214  45228.27
5084.29161396733  45773.61
5087.11220793251  46736.54
5089.9328018977  47214.98
5092.75339586288  47497.65
5095.57398982807  46877.67
5098.39458379325  46450.42
5101.21517775844  46998.39
5104.03577172362  47835.88
5106.85636568881  47615.03
5109.67695965399  47919.29
5112.49755361918  48573.59
5115.31814758436  48882.31
5118.13874154954  49201.09
5120.95933551473  48840.1
5123.77992947991  47990.29
5126.6005234451  47677.22
5129.42111741028  48021.96
5132.24171137547  48401.21
5135.06230534065  48116.06
5137.88289930583  47962.62
5140.70349327102  47628.39
5143.5240872362  48388.48
5146.34468120139  48818.63
5149.16527516657  49012.8
5151.98586913176  49652.33
5154.80646309694  49523.02
5157.62705706213  49838.58
5160.44765102731  49296.84
5163.2682449925  48649.25
5166.08883895768  46659.76
5168.90943292286  45773.66
5171.73002688805  46425.03
5174.55062085323  48878.67
5177.37121481842  50741.93
5180.1918087836  50242.43
5183.01240274879  48491.41
5185.83299671397  48246.76
5188.65359067916  48790.69
5191.47418464434  49019.23
5194.29477860953  49064.91
5197.11537257471  49597.63
5199.93596653989  50524.93
5202.75656050508  50471.73
5205.57715447026  50000.12
5208.39774843545  50829.31
5211.21834240063  51794.33
5214.03893636582  51425.55
5216.859530331  51417.73
5219.68012429619  52237.91
5222.50071826137  52118.55
5225.32131222655  50730.7
5228.14190619174  50417.06
5230.96250015692  51272.84
5233.78309412211  51507.71
5236.60368808729  51961.54
5239.42428205248  53035.24
5242.24487601766  53082.48
5245.06546998285  53264.38
5247.88606394803  53672.47
5250.70665791321  53341.09
5253.5272518784  53093.32
5256.34784584358  53731.57
5259.16843980877  53353.24
5261.98903377395  51338.36
5264.80962773914  50040.16
5267.63022170432  49967.68
5270.45081566951  51259.95
5273.27140963469  51369.52
5276.09200359988  52483.12
5278.91259756506  53186.31
5281.73319153025  53684.8
5284.55378549543  54242.55
5287.37437946061  55061.71
5290.1949734258  55702.93
5293.01556739098  55498.56
5295.83616135617  54976.59
5298.65675532135  54886.45
5301.47734928654  54591.35
5304.29794325172  54776.03
5307.1185372169  55305.79
5309.93913118209  55610.6
5312.75972514728  55162.53
5315.58031911246  54685.07
5318.40091307764  54301.71
5321.22150704283  54527.54
5324.04210100801  54312.43
5326.8626949732  53387.55
5329.68328893838  53777.18
5332.50388290357  54676.83
5335.32447686875  55127.32
5338.14507083393  54198.25
5340.96566479912  54656.12
5343.7862587643  55804.5
5346.60685272949  56073.25
5349.42744669467  56002.4
5352.24804065986  56587.86
5355.06863462504  57259.27
5357.88922859023  57647.2
5360.70982255541  56786.89
5363.5304165206  56112.21
5366.35101048578  55261.62
5369.17160445096  54510.48
5371.99219841615  55362.21
5374.81279238133  57147.54
5377.63338634652  57370.94
5380.4539803117  56629.23
5383.27457427689  56516.34
5386.09516824207  57062.11
5388.91576220725  57369.29
5391.73635617244  57216.84
5394.55695013763  56660.71
5397.37754410281  56042.14
5400.19813806799  56277.5
5403.01873203318  56034.64
5405.83932599836  55637.09
5408.65991996355  56022.68
5411.48051392873  56394.62
5414.30110789392  56952.75
5417.1217018591  57383.75
5419.94229582429  57890.86
5422.76288978947  57629.08
5425.58348375465  57196.7
5428.40407771984  57017.57
5431.22467168502  56072.12
5434.04526565021  56834.63
5436.86585961539  57869.53
5439.68645358058  58583.05
5442.50704754576  58233.16
5445.32764151094  57116.3
5448.14823547613  57260.91
5450.96882944132  58312.77
5453.7894234065  58317.84
5456.61001737168  58061.21
5459.43061133687  58229.07
5462.25120530205  58310.67
5465.07179926724  58169.35
5467.89239323242  59485.61
5470.71298719761  59519.74
5473.53358116279  58467.36
5476.35417512798  57406.92
5479.17476909316  57519.13
5481.99536305834  59104.66
5484.81595702353  59486.68
5487.63655098871  59665.73
5490.4571449539  59648.53
5493.27773891908  59326.49
5496.09833288427  58955.05
5498.91892684945  59102.43
5501.73952081464  59043.38
5504.56011477982  58917.59
5507.380708745  58993.6
5510.20130271019  59193.52
5513.02189667537  59451.46
5515.84249064056  60001.43
5518.66308460574  60605.52
5521.48367857093  60179.97
5524.30427253611  58959.41
5527.1248665013  58273.29
5529.94546046648  58825.21
5532.76605443167  59460.89
5535.58664839685  59891.11
5538.40724236203  60339.44
5541.22783632722  60337.87
5544.0484302924  59842.23
5546.86902425759  60287.68
5549.68961822277  60589.63
5552.51021218796  60685.64
5555.33080615314  60360.92
5558.15140011833  59898.1
5560.97199408351  59728.73
5563.7925880487  59734.8
5566.61318201388  59447.25
5569.43377597906  59271.39
5572.25436994425  58634.07
5575.07496390943  58728.65
5577.89555787462  59310.46
5580.7161518398  59770.95
5583.53674580499  59590.64
5586.35733977017  58315.07
5589.17793373536  57992.25
5591.99852770054  58363.69
5594.81912166572  58588.71
5597.63971563091  58525.32
5600.46030959609  58637.8
5603.28090356128  58508.62
5606.10149752646  59278.74
5608.92209149165  60282.21
5611.74268545683  60275.94
5614.56327942202  59330.12
5617.3838733872  59413.83
5620.20446735238  59680.3
5623.02506131757  59263.11
5625.84565528275  59478.89
5628.66624924794  59969.3
5631.48684321312  60274.48
5634.30743717831  60154.48
5637.12803114349  59478.76
5639.94862510868  59300.39
5642.76921907386  59900.94
5645.58981303905  59758.37
5648.41040700423  60533.71
5651.23100096941  60023.49
5654.0515949346  59190.39
5656.87218889978  58507.87
5659.69278286497  57943.91
5662.51337683015  58613.57
5665.33397079534  59647.05
5668.15456476052  59708.49
5670.97515872571  59698.88
5673.79575269089  59656.16
5676.61634665608  59503.43
5679.43694062126  59638.97
5682.25753458645  59227.5
5685.07812855163  58860.17
5687.89872251681  58967.22
5690.719316482  59042.07
5693.53991044718  59201.34
5696.36050441237  59423.36
5699.18109837755  59566.83
5702.00169234274  59307.15
5704.82228630792  58661.7
5707.6428802731  58098.86
5710.46347423829  58026.91
5713.28406820347  58255.79
5716.10466216866  59150.25
5718.92525613384  60109.34
5721.74585009903  59794.83
5724.56644406421  59682.02
5727.3870380294  59512.35
5730.20763199458  59616.43
5733.02822595977  59891.68
5735.84881992495  59562.77
5738.66941389013  59937.55
5741.49000785532  59312.07
5744.3106018205  59297.63
5747.13119578569  58918.18
5749.95178975087  58990.16
5752.77238371606  58596.65
5755.59297768124  58227.98
5758.41357164643  58792.23
5761.23416561161  58618.73
5764.0547595768  58320.18
5766.87535354198  58755.23
5769.69594750717  59122.19
5772.51654147235  59311.67
5775.33713543753  58853.95
5778.15772940272  58672.44
5780.9783233679  58612.29
5783.79891733309  58289.18
5786.61951129827  58427.81
5789.44010526345  58616.54
5792.26069922864  58543.98
5795.08129319382  58153.53
5797.90188715901  58305.58
5800.72248112419  58170.83
5803.54307508938  58357.59
5806.36366905456  58439.64
5809.18426301975  58235.84
5812.00485698493  58156.55
5814.82545095011  58361.95
5817.6460449153  58055.86
5820.46663888048  58518.11
5823.28723284567  58781.25
5826.10782681085  58694.04
5828.92842077604  58981.18
5831.74901474122  58775.
5834.56960870641  58511.79
5837.39020267159  58636.46
5840.21079663678  58750.93
5843.03139060196  58936.38
5845.85198456715  58580.37
5848.67257853233  57961.55
5851.49317249752  57872.72
5854.3137664627  57101.59
5857.13436042788  56621.7
5859.95495439307  56753.49
5862.77554835825  57352.54
5865.59614232344  58200.34
5868.41673628862  58100.22
5871.2373302538  57900.18
5874.05792421899  57580.64
5876.87851818417  57654.27
5879.69911214936  58065.8
5882.51970611454  57409.42
5885.34030007973  56766.78
5888.16089404491  55309.98
5890.9814880101  54431.39
5893.80208197528  54657.62
5896.62267594047  54838.44
5899.44326990565  56155.99
5902.26386387084  56819.07
5905.08445783602  57140.92
5907.9050518012  57454.02
5910.72564576639  57628.72
5913.54623973157  57287.64
5916.36683369676  57121.91
5919.18742766194  57251.06
5922.00802162713  57589.8
5924.82861559231  56916.48
5927.6492095575  56564.48
5930.46980352268  56659.56
5933.29039748787  56964.
5936.11099145305  57142.34
5938.93158541823  57079.81
5941.75217938342  56470.45
5944.5727733486  56753.18
5947.39336731379  56333.75
5950.21396127897  56100.57
5953.03455524416  56547.02
5955.85514920934  56675.99
5958.67574317452  56539.93
5961.49633713971  56592.83
5964.31693110489  56580.07
5967.13752507008  56939.7
5969.95811903526  57149.41
5972.77871300045  56440.05
5975.59930696563  56045.83
5978.41990093082  55951.62
5981.240494896  56119.43
5984.06108886119  56016.46
5986.88168282637  55434.8
5989.70227679156  55860.79
5992.52287075674  55992.2
5995.34346472192  55854.75
5998.16405868711  55973.76
6000.98465265229  55948.43
6003.80524661748  55833.61
6006.62584058266  55749.83
6009.44643454785  55470.11
6012.26702851303  55380.02
6015.08762247822  55390.85
6017.9082164434  55591.58
6020.72881040859  55467.66
6023.54940437377  55098.32
6026.36999833895  55563.59
6029.19059230414  56074.56
6032.01118626932  55998.48
6034.83178023451  56322.2
6037.65237419969  56180.1
6040.47296816488  56128.32
6043.29356213006  56028.38
6046.11415609524  55940.37
6048.93475006043  55940.7
6051.75534402562  55813.66
6054.5759379908  55380.66
6057.39653195598  55587.98
6060.21712592117  55571.56
6063.03771988635  55703.59
6065.85831385154  56212.05
6068.67890781672  55863.46
6071.49950178191  56424.15
6074.32009574709  55838.57
6077.14068971228  55272.9
6079.96128367746  55338.36
6082.78187764264  55444.38
6085.60247160783  55427.95
6088.42306557301  55444.62
6091.2436595382  55568.04
6094.06425350338  55578.84
6096.88484746857  55587.21
6099.70544143375  55198.71
6102.52603539893  54399.45
6105.34662936412  54713.75
6108.1672233293  55558.58
6110.98781729449  55593.21
6113.80841125967  55519.33
6116.62900522486  55470.71
6119.44959919004  55173.43
6122.27019315523  54685.34
6125.09078712041  54796.1
6127.9113810856  55005.85
6130.73197505078  55379.79
6133.55256901597  54897.39
6136.37316298115  53766.48
6139.19375694633  53116.52
6142.01435091152  53738.4
6144.8349448767  54023.15
6147.65553884189  54019.3
6150.47613280707  54201.41
6153.29672677226  54459.18
6156.11732073744  54304.62
6158.93791470262  53730.09
6161.75850866781  53168.95
6164.57910263299  53408.34
6167.39969659818  53351.95
6170.22029056336  53783.88
6173.04088452855  54274.46
6175.86147849373  54626.01
6178.68207245892  54949.84
6181.5026664241  54843.36
6184.32326038929  54843.71
6187.14385435447  54486.91
6189.96444831965  54038.76
6192.78504228484  54418.86
6195.60563625002  55034.3
6198.42623021521  55107.45
6201.24682418039  55191.71
6204.06741814558  55124.43
6206.88801211076  54920.91
6209.70860607595  54848.33
6212.52920004113  54573.42
6215.34979400632  54154.37
6218.1703879715  54163.49
6220.99098193669  54268.25
6223.81157590187  54520.06
6226.63216986705  54770.3
6229.45276383224  54064.01
6232.27335779742  53573.41
6235.09395176261  53833.84
6237.91454572779  53917.13
6240.73513969298  53463.52
6243.55573365816  53069.58
6246.37632762334  53204.7
6249.19692158853  52896.1
6252.01751555371  53031.44
6254.8381095189  53033.88
6257.65870348408  53360.97
6260.47929744927  53817.91
6263.29989141445  54440.75
6266.12048537964  54339.52
6268.94107934482  54021.84
6271.76167331001  54037.18
6274.58226727519  53385.38
6277.40286124037  51953.09
6280.22345520556  51178.79
6283.04404917074  52213.52
6285.86464313593  52985.13
6288.68523710111  53440.15
6291.5058310663  52829.37
6294.32642503148  52587.38
6297.14701899667  52919.63
6299.96761296185  52428.79
6302.78820692704  52615.88
6305.60880089222  53085.8
6308.4293948574  53457.06
6311.24998882259  53477.42
6314.07058278777  52902.43
6316.89117675296  52750.56
6319.71177071814  52422.72
6322.53236468333  53044.79
6325.35295864851  53575.39
6328.1735526137  54157.04
6330.99414657888  54705.82
6333.81474054407  53412.17
6336.63533450925  53060.1
6339.45592847443  53093.79
6342.27652243962  53279.16
6345.0971164048  53492.79
6347.91771036999  53072.55
6350.73830433517  53100.59
6353.55889830036  53326.55
6356.37949226554  53258.06
6359.20008623072  53206.59
6362.02068019591  52949.57
6364.84127416109  53105.4
6367.66186812628  53350.87
6370.48246209146  53340.16
6373.30305605665  53379.68
6376.12365002183  53571.89
6378.94424398702  53318.09
6381.7648379522  53350.73
6384.58543191739  53656.87
6387.40602588257  53747.
6390.22661984775  53568.8
6393.04721381294  53121.81
6395.86780777812  53049.43
6398.68840174331  53069.32
6401.50899570849  52913.46
6404.32958967368  52920.
6407.15018363886  53077.46
6409.97077760405  52875.85
6412.79137156923  52391.36
6415.61196553442  52733.81
6418.4325594996  52857.55
6421.25315346478  52830.49
6424.07374742997  53239.71
6426.89434139515  53310.84
6429.71493536034  52777.55
6432.53552932552  52163.72
6435.35612329071  52322.09
6438.17671725589  52200.71
6440.99731122108  52486.96
6443.81790518626  53231.59
6446.63849915145  53647.57
6449.45909311663  52876.66
6452.27968708181  52283.
6455.100281047  51845.2
6457.92087501218  51794.92
6460.74146897737  51817.41
6463.56206294255  52014.63
6466.38265690774  52608.67
6469.20325087292  52618.05
6472.02384483811  52484.77
6474.84443880329  52132.27
6477.66503276847  52944.36
6480.48562673366  52624.75
6483.30622069885  52588.36
6486.12681466403  52502.12
6488.94740862921  52161.93
6491.7680025944  51262.1
6494.58859655958  50257.63
6497.40919052477  50397.82
6500.22978448995  51234.98
6503.05037845513  52217.55
6505.87097242032  53086.15
6508.6915663855  52827.55
6511.51216035069  52679.99
6514.33275431587  51957.6
6517.15334828106  51396.26
6519.97394224624  51914.42
6522.79453621143  52477.55
6525.61513017661  52148.21
6528.4357241418  51946.77
6531.25631810698  51694.2
6534.07691207216  51388.99
6536.89750603735  50854.18
6539.71810000253  50926.74
6542.53869396772  50535.77
6545.3592879329  49924.8
6548.17988189809  48808.96
6551.00047586327  48047.23
6553.82106982846  46783.46
6556.64166379364  44060.
6559.46225775882  38817.28
6562.28285172401  33451.
6565.10344568919  34594.28
6567.92403965438  40557.37
6570.74463361956  45200.39
6573.56522758475  47173.48
6576.38582154993  49106.44
6579.20641551512  50432.29
6582.0270094803  50300.41
6584.84760344549  50659.92
6587.66819741067  50773.52
6590.48879137585  51190.57
6593.30938534104  51147.
6596.12997930622  50905.29
6598.95057327141  52032.52
6601.77116723659  52554.09
6604.59176120178  51861.99
6607.41235516696  52058.8
6610.23294913215  52257.86
6613.05354309733  52250.29
6615.87413706252  52416.07
6618.6947310277  52420.97
6621.51532499288  52581.74
6624.33591895807  52855.09
6627.15651292325  52828.44
6629.97710688844  52546.63
6632.79770085362  52040.44
6635.61829481881  51892.62
6638.43888878399  52349.78
6641.25948274918  52432.47
6644.08007671436  52137.45
6646.90067067955  52169.18
6649.72126464473  52218.68
6652.54185860991  52464.4
6655.3624525751  52583.74
6658.18304654028  52591.02
6661.00364050547  52301.93
6663.82423447065  52032.15
6666.64482843584  52021.17
6669.46542240102  52240.59
6672.2860163662  52621.07
6675.10661033139  51975.98
6677.92720429657  51529.03
6680.74779826176  51855.23
6683.56839222694  51960.
6686.38898619213  52421.87
6689.20958015731  52364.34
6692.0301741225  52250.62
6694.85076808768  52108.76
6697.67136205287  51915.82
6700.49195601805  52074.24
6703.31254998323  51852.56
6706.13314394842  51375.35
6708.9537379136  51487.02
6711.77433187879  51677.18
6714.59492584397  51357.
6717.41551980916  50978.69
6720.23611377434  51408.66
6723.05670773953  51586.86
6725.87730170471  51601.76
6728.6978956699  52018.11
6731.51848963508  51527.46
6734.33908360026  51500.34
6737.15967756545  51730.76
6739.98027153063  51726.97
6742.80086549582  51227.18
6745.621459461  51215.05
6748.44205342619  50786.49
6751.26264739137  50882.9
6754.08324135656  50620.01
6756.90383532174  50845.05
6759.72442928692  50751.05
6762.54502325211  51413.82
6765.36561721729  51173.35
6768.18621118248  51204.02
6771.00680514766  51220.97
6773.82739911285  51237.31
6776.64799307803  51373.1
6779.46858704322  51142.37
6782.2891810084  51390.8
6785.10977497359  51197.99
6787.93036893877  50804.83
6790.75096290396  50761.43
6793.57155686914  50829.47
6796.39215083432  50306.1
6799.21274479951  50605.9
6802.03333876469  50997.17
6804.85393272988  50749.04
6807.67452669506  50537.78
6810.49512066025  50378.32
6813.31571462543  50392.81
6816.13630859061  50808.83
6818.9569025558  50434.83
6821.77749652098  50271.08
6824.59809048617  50384.8
6827.41868445135  50335.6
6830.23927841654  50428.67
6833.05987238172  50195.85
6835.8804663469  49755.66
6838.70106031209  49625.18
6841.52165427728  49291.54
6844.34224824246  49370.55
6847.16284220764  49707.14
6849.98343617283  49848.72
6852.80403013801  49493.27
6855.6246241032  49194.53
6858.44521806838  49086.94
6861.26581203357  49323.66
6864.08640599875  47985.37
6866.90699996394  42639.82
6869.72759392912  37093.31
6872.54818789431  36241.49
6875.36878185949  38887.8
6878.18937582467  42295.
6881.00996978986  44638.36
6883.83056375504  45391.78
6886.65115772023  44494.96
6889.47175168541  43360.99
6892.2923456506  43225.04
6895.11293961578  43618.89
6897.93353358097  44193.27
6900.75412754615  44566.95
6903.57472151133  44777.58
6906.39531547652  45204.47
6909.2159094417  45397.61
6912.03650340689  46097.9
6914.85709737207  46628.77
6917.67769133726  46558.33
6920.49828530244  46837.58
6923.31887926763  47025.97
6926.13947323281  47029.33
6928.960067198  47000.42
6931.78066116318  47052.49
6934.60125512836  47240.29
6937.42184909355  47655.27
6940.24244305873  47479.41
6943.06303702392  46998.88
6945.8836309891  47579.24
6948.70422495429  47131.4
6951.52481891947  47029.23
6954.34541288466  47393.92
6957.16600684984  47113.48
6959.98660081503  46995.13
6962.80719478021  47310.14
6965.62778874539  47699.39
6968.44838271058  47845.7
6971.26897667576  47564.41
6974.08957064095  47385.34
6976.91016460613  46704.01
6979.73075857132  46579.58
6982.5513525365  47017.9
6985.37194650168  46896.95
6988.19254046687  46686.06
6991.01313443205  46757.5
6993.83372839724  46902.54
6996.65432236242  46647.37
6999.47491632761  46306.89
7002.29551029279  45865.19
7005.11610425798  45693.37
7007.93669822316  46068.79
7010.75729218835  46037.87
7013.57788615353  45956.6
7016.39848011871  45869.27
7019.2190740839  45717.25
7022.03966804908  45888.2
7024.86026201427  45782.28
7027.68085597945  45630.79
7030.50144994464  45882.63
7033.32204390982  45788.01
7036.14263787501  45456.7
7038.96323184019  45807.37
7041.78382580538  46017.87
7044.60441977056  45941.25
7047.42501373574  45680.
7050.24560770093  45412.8
7053.06620166611  45550.75
7055.8867956313  45395.68
7058.70738959648  45110.84
7061.52798356167  44911.13
7064.34857752685  45037.95
7067.16917149203  45280.05
7069.98976545722  45239.21
7072.81035942241  45008.85
7075.63095338759  44905.09
7078.45154735277  45034.55
7081.27214131796  44806.08
7084.09273528314  44645.48
7086.91332924833  44400.07
7089.73392321351  44385.98
7092.5545171787  44368.04
7095.37511114388  44295.55
7098.19570510907  44407.61
7101.01629907425  44522.78
7103.83689303943  44444.29
7106.65748700462  44376.55
7109.4780809698  43907.11
7112.29867493499  43418.84
7115.11926890017  43279.04
7117.93986286536  43414.73
7120.76045683054  43275.72
7123.58105079573  43155.08
7126.40164476091  43410.64
7129.2222387261  43335.24
7132.04283269128  43257.03
7134.86342665646  43430.66
7137.68402062165  43520.24
7140.50461458683  43375.4
7143.32520855202  42711.84
7146.1458025172  42456.56
7148.96639648238  42292.58
7151.78699044757  42326.59
7154.60758441276  42746.15
7157.42817837794  42632.44
7160.24877234312  42374.77
7163.06936630831  42057.65
7165.88996027349  41366.11
7168.71055423868  40973.63
7171.53114820386  40836.29
7174.35174216905  40282.24
7177.17233613423  40168.54
7179.99293009942  40265.34
7182.8135240646  39478.15
7185.63411802978  38338.49
7188.45471199497  38293.66
7191.27530596015  38934.18
7194.09589992534  39313.38
7196.91649389052  39321.26
7199.73708785571  39007.67
7202.55768182089  38443.63
7205.37827578608  38663.15
7208.19886975126  39335.48
7211.01946371645  39974.67
7213.84005768163  40551.69
7216.66065164681  40671.34
7219.481245612  40432.51
7222.30183957718  40135.79
7225.12243354237  39851.99
7227.94302750755  39930.16
7230.76362147274  39659.3
7233.58421543792  38671.39
7236.40480940311  38339.21
7239.22540336829  38386.74
7242.04599733348  38189.07
7244.86659129866  38574.84
7247.68718526384  38988.08
7250.50777922903  38660.55
7253.32837319421  38280.7
7256.1489671594  38532.36
7258.96956112458  39002.54
7261.79015508977  38859.43
7264.61074905495  38374.2
7267.43134302014  38186.3
7270.25193698532  38265.06
7273.07253095051  38039.97
7275.89312491569  37594.4
7278.71371888087  37451.75
7281.53431284606  37906.23
7284.35490681124  38383.29
7287.17550077643  37773.34
7289.99609474161  37063.86
7292.8166887068  37367.9
7295.63728267198  38003.79
7298.45787663716  38226.81
7301.27847060235  37784.58
7304.09906456753  37413.54
7306.91965853272  37518.2
7309.7402524979  37454.03
7312.56084646309  37528.86
7315.38144042827  37588.95
7318.20203439346  37555.56
7321.02262835864  37498.52
7323.84322232383  37399.04
7326.66381628901  37470.52
7329.48441025419  37391.55
7332.30500421938  37622.21
7335.12559818456  37731.88
7337.94619214975  37632.55
7340.76678611493  37847.61
7343.58738008012  37738.64
7346.4079740453  37391.49
7349.22856801049  37137.82
7352.04916197567  37141.16
7354.86975594086  37136.85
7357.69034990604  37105.19
7360.51094387122  36861.04
7363.33153783641  36809.29
7366.15213180159  36964.29
7368.97272576678  36694.31
7371.79331973196  36449.58
7374.61391369715  36520.23
7377.43450766233  36684.3
7380.25510162751  36362.68
7383.0756955927  36217.49
7385.89628955788  35810.11
7388.71688352307  35414.17
7391.53747748825  35493.05
7394.35807145344  35914.38
7397.17866541862  35849.32
7399.99925938381  35790.83
7402.81985334899  35665.96
7405.64044731418  35313.11
7408.46104127936  35353.84
7411.28163524455  35247.24
7414.10222920973  35402.76
7416.92282317491  35310.15
7419.7434171401  35019.9
7422.56401110528  34972.04
7425.38460507047  34931.35
7428.20519903565  35268.56
7431.02579300084  35231.5
7433.84638696602  35090.73
7436.66698093121  35000.46
7439.48757489639  34857.11
7442.30816886157  34533.66
7445.12876282676  34208.68
7447.94935679194  34015.07
7450.76995075713  34115.02
7453.59054472231  34488.35
7456.4111386875  34593.88
7459.23173265268  34384.39
7462.05232661787  34120.09
7464.87292058305  34031.19
7467.69351454824  34189.24
7470.51410851342  34166.64
7473.3347024786  33786.72
7476.15529644379  33454.12
7478.97589040897  33610.72
7481.79648437416  33535.14
7484.61707833934  33648.04
7487.43767230453  33685.26
7490.25826626971  33433.71
7493.0788602349  32964.24
7495.89945420008  33013.13
7498.72004816527  33108.18
7501.54064213045  33073.67
7504.36123609563  32873.85
7507.18183006082  32903.16
7510.002424026  32549.03
7512.82301799119  32440.87
7515.64361195637  32528.97
7518.46420592156  32449.3
7521.28479988674  32482.93
7524.10539385193  32265.54
7526.92598781711  32161.48
7529.74658178229  31798.65
7532.56717574748  32071.1
7535.38776971266  32350.73
7538.20836367785  32163.02
7541.02895764303  32162.03
7543.84955160822  31965.37
7546.6701455734  31913.23
7549.49073953859  31834.14
7552.31133350377  31546.77
7555.13192746895  31324.22
7557.95252143414  31191.36
7560.77311539932  31258.16
7563.59370936451  31326.56
7566.41430332969  31056.83
7569.23489729488  30923.2
7572.05549126006  30775.73
7574.87608522525  30573.65
7577.69667919043  30584.84
7580.51727315562  30534.44
7583.3378671208  30318.14
7586.15846108598  30248.14
7588.97905505117  29648.61
7591.79964901635  26717.96
7594.62024298154  21250.99
7597.44083694672  15270.56
7600.26143091191  11178.23
7603.08202487709  9037.393
7605.90261884228  8513.636
7608.72321280746  9516.769
7611.54380677265  12008.
7614.36440073783  16019.94
7617.18499470302  20122.92
7620.0055886682  21341.44
7622.82618263338  19281.61
7625.64677659857  16781.76
7628.46737056375  15667.56
7631.28796452894  15611.95
7634.10855849412  16002.61
7636.92915245931  16684.96
7639.74974642449  17378.2
7642.57034038967  18120.91
7645.39093435486  18948.65
7648.21152832004  20172.53
7651.03212228523  21072.15
7653.85271625041  21794.38
7656.6733102156  22382.59
7659.49390418078  22952.3
7662.31449814597  23286.93
7665.13509211115  24103.03
7667.95568607634  25008.8
7670.77628004152  25544.82
7673.5968740067  25912.41
7676.41746797189  26228.04
7679.23806193707  26132.28
7682.05865590226  26254.53
7684.87924986744  26372.54
7687.69984383263  26305.4
7690.52043779781  26315.37
7693.341031763  26248.42
7696.16162572818  26307.44
7698.98221969337  26337.4
7701.80281365855  26367.26
7704.62340762373  26534.62
7707.44400158892  26459.44
7710.2645955541  26144.08
7713.08518951929  26045.2
7715.90578348447  26116.77
7718.72637744966  26318.74
7721.54697141484  26322.98
7724.36756538002  26127.9
7727.18815934521  26084.28
7730.00875331039  26054.81
7732.82934727558  26088.9
7735.64994124076  26044.63
7738.47053520595  26169.01
7741.29112917113  25998.28
7744.11172313632  25582.94
7746.9323171015  25449.9
7749.75291106669  25644.11
7752.57350503187  25642.71
7755.39409899705  25692.43
7758.21469296224  25955.33
7761.03528692742  25870.84
7763.85588089261  25847.14
7766.67647485779  25748.94
7769.49706882298  25143.01
7772.31766278816  24397.87
7775.13825675335  24472.53
7777.95885071853  24807.57
7780.77944468371  25301.93
7783.6000386489  25393.67
7786.42063261408  25435.36
7789.24122657927  25336.63
7792.06182054445  25185.91
7794.88241450964  25226.39
7797.70300847482  25369.51
7800.52360244001  25119.99
7803.34419640519  24994.21
7806.16479037037  24916.81
7808.98538433556  24795.83
7811.80597830075  24708.01
7814.62657226593  24666.25
7817.44716623111  24740.8
7820.2677601963  24568.62
7823.08835416148  24694.39
7825.90894812667  24521.99
7828.72954209185  24300.55
7831.55013605704  24075.63
7834.37073002222  23901.17
7837.19132398741  23956.88
7840.01191795259  23892.5
7842.83251191777  23747.83
7845.65310588296  23787.57
7848.47369984814  23570.84
7851.29429381333  23435.46
7854.11488777851  23680.1
7856.9354817437  23610.78
7859.75607570888  23508.01
7862.57666967407  23360.62
7865.39726363925  23305.72
7868.21785760443  23335.85
7871.03845156962  23236.03
7873.8590455348  23158.13
7876.67963949999  23070.62
7879.50023346517  22994.43
7882.32082743036  22910.54
7885.14142139554  22839.74
7887.96201536073  22653.55
7890.78260932591  22325.82
7893.6032032911  22288.97
7896.42379725628  22044.95
7899.24439122146  21907.98
7902.06498518665  22002.69
7904.88557915183  21912.65
7907.70617311702  21883.31
7910.5267670822  21735.89
7913.34736104739  21589.22
7916.16795501257  21473.87
7918.98854897776  21268.97
7921.80914294294  21356.
7924.62973690813  21440.47
7927.45033087331  21265.29
7930.27092483849  21206.53
7933.09151880368  20898.26
7935.91211276886  20894.73
7938.73270673405  21192.87
7941.55330069923  21048.14
7944.37389466442  20638.78
7947.1944886296  20735.31
7950.01508259478  20847.03
7952.83567655997  20794.95
7955.65627052515  20811.53
7958.47686449034  20736.72
7961.29745845552  20540.5
7964.11805242071  20442.13
7966.93864638589  20598.67
7969.75924035108  20581.17
7972.57983431626  20245.72
7975.40042828145  20356.03
7978.22102224663  20542.7
7981.04161621182  20233.99
7983.862210177  20019.05
7986.68280414218  20138.94
7989.50339810737  19930.28
7992.32399207255  19887.44
7995.14458603774  19739.16
7997.96518000292  19588.34
8000.78577396811  19484.34
8003.60636793329  19467.75
8006.42696189848  19458.8
8009.24755586366  19489.62
8012.06814982885  19366.43
8014.88874379403  19348.68
8017.70933775921  19221.54
8020.5299317244  19161.85
8023.35052568958  18931.29
8026.17111965477  19015.
8028.99171361995  18984.59
8031.81230758513  18754.7
8034.63290155032  18619.23
8037.4534955155  18727.33
8040.27408948069  18665.7
8043.09468344587  18494.24
8045.91527741106  18342.23
8048.73587137624  18417.67
8051.55646534143  18406.48
8054.37705930661  18276.5
8057.1976532718  18304.52
8060.01824723698  18183.68
8062.83884120217  18167.72
8065.65943516735  18124.01
8068.48002913253  17929.77
8071.30062309772  17979.8
8074.1212170629  17920.33
8076.94181102809  17881.15
8079.76240499327  17952.07
8082.58299895846  17646.68
8085.40359292364  17372.22
8088.22418688883  17360.99
8091.04478085401  17395.41
8093.8653748192  17311.06
8096.68596878438  17136.19
8099.50656274956  17002.45
8102.32715671475  17012.64
8105.14775067993  17124.29
8107.96834464512  16943.63
8110.7889386103  16880.98
8113.60953257548  16868.08
8116.43012654067  16849.66
8119.25072050586  16698.86
8122.07131447104  16706.89
8124.89190843622  16616.16
8127.71250240141  16541.62
8130.53309636659  16398.74
8133.35369033178  16122.13
8136.17428429696  16099.06
8138.99487826215  16022.91
8141.81547222733  15821.04
8144.63606619252  15704.46
8147.4566601577  15638.19
8150.27725412289  15361.32
8153.09784808807  15348.31
8155.91844205325  15348.63
8158.73903601844  15114.69
8161.55962998362  14777.54
8164.38022394881  14600.9
8167.20081791399  14626.87
8170.02141187918  14768.29
8172.84200584436  14817.23
8175.66259980955  14591.8
8178.48319377473  14240.85
8181.30378773991  14204.68
8184.1243817051  14359.79
8186.94497567028  14430.82
8189.76556963547  14444.35
8192.58616360065  14325.68
8195.40675756584  14136.75
8198.22735153102  14042.88
8201.04794549621  14174.86
8203.86853946139  14468.65
8206.68913342658  14708.11
8209.50972739176  14556.91
8212.33032135695  14479.1
8215.15091532213  14233.06
8217.97150928731  14247.36
8220.7921032525  14099.95
8223.61269721768  13840.63
8226.43329118287  13340.01
8229.25388514805  12913.59
8232.07447911323  12929.18
8234.89507307842  13391.17
8237.71566704361  13917.56
8240.53626100879  14066.24
8243.35685497397  14010.64
8246.17744893916  13948.04
8248.99804290434  13944.78
8251.81863686953  13937.46
8254.63923083471  13870.18
8257.4598247999  13806.
8260.28041876508  13575.09
8263.10101273026  13655.87
8265.92160669545  13751.94
8268.74220066063  13667.76
8271.56279462582  13543.94
8274.383388591  13338.61
8277.20398255619  13062.89
8280.02457652137  12960.29
8282.84517048656  13024.36
8285.66576445174  13059.11
8288.48635841693  12982.63
8291.30695238211  12771.42
8294.1275463473  12859.71
8296.94814031248  13066.87
8299.76873427766  12988.46
8302.58932824285  12966.17
8305.40992220803  12811.09
8308.23051617322  12722.82
8311.0511101384  12757.2
8313.87170410359  12601.16
8316.69229806877  12683.93
8319.51289203396  12574.69
8322.33348599914  12470.9
8325.15407996432  12387.46
8327.97467392951  12513.94
8330.79526789469  12425.05
8333.61586185988  12182.92
8336.43645582506  12190.08
8339.25704979025  12228.36
8342.07764375543  12324.01
8344.89823772062  12361.96
8347.7188316858  12511.82
8350.53942565098  12411.3
8353.36001961617  12269.68
8356.18061358135  12227.52
8359.00120754654  12279.99
8361.82180151172  12157.66
8364.64239547691  12191.44
8367.46298944209  12180.27
8370.28358340728  12105.73
8373.10417737246  12070.71
8375.92477133765  11983.83
8378.74536530283  11946.25
8381.56595926801  11902.06
8384.3865532332  11909.86
8387.20714719839  11782.53
8390.02774116357  11680.87
8392.84833512875  11725.42
8395.66892909394  11686.25
8398.48952305912  11703.29
8401.31011702431  11630.69
8404.13071098949  11557.23
8406.95130495468  11542.95
8409.77189891986  11391.96
8412.59249288504  11402.35
8415.41308685023  11479.51
8418.23368081541  11346.2
8421.0542747806  11323.41
8423.87486874578  11298.71
8426.69546271097  11299.8
8429.51605667615  11218.36
8432.33665064134  11165.13
8435.15724460652  11134.4
8437.9778385717  11075.34
8440.79843253689  10958.21
8443.61902650207  10835.75
8446.43962046726  10769.48
8449.26021443244  10755.42
8452.08080839763  10805.74
8454.90140236281  10951.61
8457.721996328  10931.96
8460.54259029318  10814.66
8463.36318425836  10767.46
8466.18377822355  10623.53
8469.00437218874  10500.65
8471.82496615392  10488.58
8474.6455601191  10603.28
8477.46615408429  10667.85
8480.28674804947  10622.22
8483.10734201466  10540.65
8485.92793597984  10494.71
8488.74852994503  10463.32
8491.56912391021  10288.77
8494.38971787539  10016.32
8497.21031184058  9502.323
8500.03090580576  9309.746
8502.85149977095  9527.834
8505.67209373613  9842.62
8508.49268770132  9992.622
8511.3132816665  9863.992
8514.13387563169  9819.838
8516.95446959687  9856.405
8519.77506356205  9966.939
8522.59565752724  9927.028
8525.41625149243  9856.186
8528.23684545761  9861.694
8531.05743942279  9751.581
8533.87803338798  9692.401
8536.69862735316  9323.257
8539.51922131835  8652.512
8542.33981528353  7910.591
8545.16040924871  7840.404
8547.9810032139  8489.791
8550.80159717909  9124.398
8553.62219114427  9349.807
8556.44278510945  9345.32
8559.26337907464  9378.516
8562.08397303982  9406.415
8564.90456700501  9406.563
8567.72516097019  9411.488
8570.54575493538  9293.475
8573.36634890056  9183.797
8576.18694286574  9217.826
8579.00753683093  9160.613
8581.82813079612  9068.183
8584.6487247613  9106.602
8587.46931872648  9002.937
8590.28991269167  8857.852
8593.11050665685  8844.24
8595.93110062204  8750.771
8598.75169458722  8568.266
8601.5722885524  8460.457
8604.39288251759  8602.799
8607.21347648278  8654.839
8610.03407044796  8693.346
8612.85466441314  8598.476
8615.67525837833  8684.979
8618.49585234351  8631.788
8621.3164463087  8646.159
8624.13704027388  8649.734
8626.95763423907  8685.175
8629.77822820425  8638.434
8632.59882216944  8467.499
8635.41941613462  8464.204
8638.2400100998  8439.493
8641.06060406499  8371.029
8643.88119803017  8395.322
8646.70179199536  8257.506
8649.52238596054  8009.277
8652.34297992573  7912.633
8655.16357389091  7964.425
8657.9841678561  7797.969
8660.80476182128  7166.325
8663.62535578647  6547.692
8666.44594975165  6658.391
8669.26654371683  7231.694
8672.08713768202  7479.095
8674.9077316472  7652.403
8677.72832561239  7641.075
8680.54891957757  7671.619
8683.36951354275  7624.51
8686.19010750794  7689.514
8689.01070147313  7669.721
8691.83129543831  7667.481
8694.65188940349  7758.308
8697.47248336868  7763.926
8700.29307733386  7722.725
8703.11367129905  7709.103
8705.93426526423  7699.232
8708.75485922942  7642.658
8711.5754531946  7503.955
8714.39604715979  7471.194
8717.21664112497  7514.387
8720.03723509016  7480.385
8722.85782905534  7559.208
8725.67842302052  7552.642
8728.49901698571  7430.841
8731.31961095089  7374.708
8734.14020491608  7220.84
8736.96079888126  7181.757
8739.78139284645  7032.421
8742.60198681163  6929.991
8745.42258077681  6856.86
8748.243174742  6735.768
8751.06376870718  6491.413
8753.88436267237  6496.314
8756.70495663755  6576.79
8759.52555060274  6693.077
8762.34614456792  6738.552
8765.16673853311  6825.672
8767.98733249829  6876.011
8770.80792646348  6884.452
8773.62852042866  6872.965
8776.44911439385  6887.08
8779.26970835903  6936.791
8782.09030232421  6914.169
8784.9108962894  6830.529
8787.73149025458  6764.753
8790.55208421977  6732.411
8793.37267818495  6641.54
8796.19327215014  6648.888
8799.01386611532  6697.013
8801.83446008051  6639.992
8804.65505404569  6553.129
8807.47564801087  6385.615
8810.29624197606  6334.475
8813.11683594124  6321.88
8815.93742990643  6425.134
8818.75802387161  6376.23
8821.5786178368  6382.788
8824.39921180198  6256.872
8827.21980576717  6297.069
8830.04039973235  6285.02
8832.86099369753  6210.424
8835.68158766272  6211.213
8838.5021816279  6152.43
8841.32277559309  6042.354
8844.14336955827  6109.798
8846.96396352346  6057.738
8849.78455748864  5835.397
8852.60515145383  5844.149
8855.42574541901  5731.821
8858.2463393842  5638.316
8861.06693334938  5370.224
8863.88752731456  5135.459
8866.70812127975  5051.521
8869.52871524494  5255.435
8872.34930921012  5413.121
8875.1699031753  5490.826
8877.99049714049  5474.458
8880.81109110567  5528.23
8883.63168507086  5540.667
8886.45227903604  5569.689
8889.27287300122  5524.677
8892.09346696641  5487.899
8894.91406093159  5502.997
8897.73465489678  5447.558
8900.55524886196  5462.671
8903.37584282715  5459.992
8906.19643679233  5390.392
8909.01703075752  5373.874
8911.8376247227  5284.067
8914.65821868789  5221.051
8917.47881265307  5247.403
8920.29940661825  5281.797
8923.12000058344  5180.163
8925.94059454862  5094.345
8928.76118851381  5011.083
8931.58178247899  4918.958
8934.40237644418  4988.387
8937.22297040936  5073.018
8940.04356437454  5072.936
8942.86415833973  5006.914
8945.68475230492  4940.523
8948.5053462701  4863.385
8951.32594023529  4755.02
8954.14653420047  4751.685
8956.96712816565  4708.251
8959.78772213084  4670.927
8962.60831609602  4647.607
8965.42891006121  4461.129
8968.24950402639  4317.522
8971.07009799158  4373.126
8973.89069195676  4357.551
8976.71128592195  4248.889
8979.53187988713  4311.307
8982.35247385231  4223.079
8985.1730678175  4213.29
8987.99366178268  4374.391
