3215.2054450365  19.71548
3218.02641855481  4.625575
3220.84739207312  6.347115
3223.66836559143  2.316318
3226.48933910974  -1.919654
3229.31031262805  -2.178532
3232.13128614636  9.068564
3234.95225966467  5.926216
3237.77323318297  3.23904
3240.59420670128  -1.355214
3243.41518021959  -0.6173844
3246.2361537379  -2.502367
3249.05712725621  1.578716
3251.87810077452  0.5830457
3254.69907429283  0.02464692
3257.52004781114  -1.389863
3260.34102132944  -0.7701464
3263.16199484775  -5.053499
3265.98296836606  4.53966
3268.80394188437  9.109276
3271.62491540268  6.132904
3274.44588892099  5.86994
3277.2668624393  3.795837
3280.08783595761  1.124068
3282.90880947592  2.126974
3285.72978299422  4.633204
3288.55075651253  0.02752708
3291.37173003084  -7.705723
3294.19270354915  3.889593
3297.01367706746  11.48834
3299.83465058577  13.26282
3302.65562410408  -0.577603
3305.47659762239  -3.425281
3308.29757114069  0.4447484
3311.118544659  -3.356495
3313.93951817731  0.9758006
3316.76049169562  -0.5139499
3319.58146521393  1.058284
3322.40243873224  3.558956
3325.22341225055  9.5347
3328.04438576886  7.836576
3330.86535928716  3.354913
3333.68633280547  0.5286487
3336.50730632378  7.024309
3339.32827984209  8.84683
3342.1492533604  5.911979
3344.97022687871  11.24312
3347.79120039702  16.06543
3350.61217391533  9.989021
3353.43314743364  7.130718
3356.25412095194  4.578781
3359.07509447025  0.3414803
3361.89606798856  1.26928
3364.71704150687  4.407128
3367.53801502518  5.866881
3370.35898854349  4.559398
3373.1799620618  6.725753
3376.00093558011  7.20307
3378.82190909841  5.83314
3381.64288261672  6.947816
3384.46385613503  9.198402
3387.28482965334  5.838086
3390.10580317165  3.268464
3392.92677668996  2.815958
3395.74775020827  6.884729
3398.56872372658  8.994182
3401.38969724488  5.175769
3404.21067076319  4.923268
3407.0316442815  3.889661
3409.85261779981  -1.416468
3412.67359131812  2.307073
3415.49456483643  13.21867
3418.31553835474  12.19372
3421.13651187305  4.754495
3423.95748539136  5.543031
3426.77845890966  1.580774
3429.59943242797  -1.850143
3432.42040594628  11.01034
3435.24137946459  7.188356
3438.0623529829  5.951825
3440.88332650121  9.156718
3443.70430001952  3.915548
3446.52527353783  3.678146
3449.34624705613  9.370286
3452.16722057444  11.74528
3454.98819409275  3.412712
3457.80916761106  8.709082
3460.63014112937  9.496422
3463.45111464768  0.2491435
3466.27208816599  3.0447
3469.0930616843  9.451561
3471.9140352026  12.13925
3474.73500872091  8.736069
3477.55598223922  5.995691
3480.37695575753  6.072581
3483.19792927584  15.32799
3486.01890279415  12.32218
3488.83987631246  6.973984
3491.66084983077  11.74325
3494.48182334907  10.46526
3497.30279686738  11.51725
3500.12377038569  13.20891
3502.944743904  19.39557
3505.76571742231  15.75071
3508.58669094062  6.871303
3511.40766445893  16.54419
3514.22863797724  11.84675
3517.04961149555  9.096221
3519.87058501385  11.06392
3522.69155853216  12.28429
3525.51253205047  12.63881
3528.33350556878  19.81042
3531.15447908709  13.87825
3533.9754526054  12.272
3536.79642612371  19.99959
3539.61739964202  18.09496
3542.43837316032  16.17738
3545.25934667863  18.14393
3548.08032019694  28.19983
3550.90129371525  23.73132
3553.72226723356  18.50141
3556.54324075187  13.58692
3559.36421427018  20.62123
3562.18518778849  28.54373
3565.0061613068  17.56441
3567.8271348251  16.45395
3570.64810834341  12.88339
3573.46908186172  9.846738
3576.29005538003  15.17206
3579.11102889834  13.55527
3581.93200241665  9.425824
3584.75297593496  10.4329
3587.57394945327  14.50699
3590.39492297157  22.61735
3593.21589648988  21.52372
3596.03687000819  8.392891
3598.8578435265  14.52282
3601.67881704481  13.33777
3604.49979056312  13.58498
3607.32076408143  8.236742
3610.14173759974  21.92667
3612.96271111805  21.05207
3615.78368463635  20.82707
3618.60465815466  33.66202
3621.42563167297  25.05775
3624.24660519128  25.50752
3627.06757870959  22.42896
3629.8885522279  19.08865
3632.70952574621  22.71363
3635.53049926452  33.94934
3638.35147278282  32.38898
3641.17244630113  26.89828
3643.99341981944  30.3134
3646.81439333775  26.90891
3649.63536685606  27.5119
3652.45634037437  28.49145
3655.27731389268  35.51408
3658.09828741099  50.56671
3660.9192609293  46.49422
3663.7402344476  47.62065
3666.56120796591  42.97019
3669.38218148422  34.14034
3672.20315500253  36.72158
3675.02412852084  33.00587
3677.84510203915  28.44944
3680.66607555746  38.43967
3683.48704907577  32.29279
3686.30802259407  27.83202
3689.12899611238  37.81849
3691.94996963069  43.5807
3694.770943149  50.63836
3697.59191666731  45.16667
3700.41289018562  36.00381
3703.23386370393  40.61534
3706.05483722224  37.53227
3708.87581074054  38.22299
3711.69678425885  45.66061
3714.51775777716  41.71522
3717.33873129547  32.02936
3720.15970481378  22.96074
3722.98067833209  26.67629
3725.8016518504  39.55059
3728.62262536871  31.25624
3731.44359888701  35.28768
3734.26457240532  29.45209
3737.08554592363  26.44941
3739.90651944194  27.51958
3742.72749296025  24.06721
3745.54846647856  34.58369
3748.36943999687  40.29848
3751.19041351518  45.93135
3754.01138703348  52.96802
3756.83236055179  43.45997
3759.6533340701  43.0299
3762.47430758841  42.44317
3765.29528110672  34.08985
3768.11625462503  49.4913
3770.93722814334  64.91071
3773.75820166165  68.61584
3776.57917517996  78.27196
3779.40014869826  76.33172
3782.22112221657  62.47886
3785.04209573488  62.44339
3787.86306925319  54.13742
3790.6840427715  45.84114
3793.50501628981  57.73273
3796.32598980812  60.9682
3799.14696332643  67.46752
3801.96793684473  76.29185
3804.78891036304  67.17894
3807.60988388135  67.26276
3810.43085739966  47.06079
3813.25183091797  42.435
3816.07280443628  42.83092
3818.89377795459  40.38396
3821.7147514729  40.38478
3824.53572499121  39.9626
3827.35669850951  55.01272
3830.17767202782  46.22287
3832.99864554613  43.1268
3835.81961906444  52.85753
3838.64059258275  53.47641
3841.46156610106  64.73683
3844.28253961937  72.95564
3847.10351313768  67.44681
3849.92448665598  63.41218
3852.74546017429  68.172
3855.5664336926  58.37581
3858.38740721091  53.98146
3861.20838072922  66.84527
3864.02935424753  79.69675
3866.85032776584  80.29843
3869.67130128415  82.65728
3872.49227480246  79.22264
3875.31324832076  82.502
3878.13422183907  79.78814
3880.95519535738  84.01068
3883.77616887569  88.1358
3886.597142394  95.47265
3889.41811591231  107.6735
3892.23908943062  96.91037
3895.06006294893  95.08895
3897.88103646723  90.92175
3900.70200998554  94.27339
3903.52298350385  118.7056
3906.34395702216  123.2219
3909.16493054047  116.4183
3911.98590405878  114.4074
3914.80687757709  101.2474
3917.6278510954  83.50874
3920.4488246137  77.8919
3923.26979813201  71.23476
3926.09077165032  49.62738
3928.91174516863  36.70572
3931.73271868694  43.32419
3934.55369220525  68.54708
3937.37466572356  83.73721
3940.19563924187  106.708
3943.01661276018  115.1956
3945.83758627848  114.4171
3948.65855979679  133.1628
3951.4795333151  139.5182
3954.30050683341  112.2813
3957.12148035172  81.775
3959.94245387003  70.50154
3962.76342738834  59.93477
3965.58440090665  67.22391
3968.40537442495  84.39729
3971.22634794326  129.1187
3974.04732146157  167.6302
3976.86829497988  179.3295
3979.68926849819  190.9444
3982.5102420165  220.1797
3985.33121553481  231.423
3988.15218905312  234.2269
3990.97316257143  246.9991
3993.79413608973  260.5141
3996.61510960804  255.6943
3999.43608312635  266.1124
4002.25705664466  273.3679
4005.07803016297  310.1294
4007.89900368128  320.6405
4010.71997719959  341.9635
4013.54095071789  375.6736
4016.3619242362  360.3297
4019.18289775451  330.7543
4022.00387127282  317.6035
4024.82484479113  317.8788
4027.64581830944  308.3271
4030.46679182775  319.3116
4033.28776534606  350.3638
4036.10873886437  367.5288
4038.92971238268  339.3536
4041.75068590098  315.7539
4044.57165941929  360.8701
4047.3926329376  407.8995
4050.21360645591  398.0261
4053.03457997422  380.2291
4055.85555349253  369.8563
4058.67652701084  366.1088
4061.49750052914  384.8542
4064.31847404745  423.8954
4067.13944756576  396.8099
4069.96042108407  415.1772
4072.78139460238  428.6544
4075.60236812069  442.5786
4078.423341639  522.3386
4081.24431515731  586.0367
4084.06528867562  596.0678
4086.88626219392  610.0054
4089.70723571223  551.3076
4092.52820923054  507.3305
4095.34918274885  465.755
4098.17015626716  469.3757
4100.99112978547  545.4746
4103.81210330378  568.1064
4106.63307682209  569.473
4109.45405034039  552.1279
4112.2750238587  540.9932
4115.09599737701  567.2249
4117.91697089532  557.8852
4120.73794441363  558.3603
4123.55891793194  606.2679
4126.37989145025  569.0403
4129.20086496855  563.2631
4132.02183848687  575.3644
4134.84281200517  606.106
4137.66378552348  578.2223
4140.48475904179  507.9409
4143.3057325601  597.9851
4146.12670607841  658.0415
4148.94767959672  660.9606
4151.76865311503  684.9634
4154.58962663334  758.03
4157.41060015164  757.0045
4160.23157366995  740.0897
4163.05254718826  671.5571
4165.87352070657  659.0773
4168.69449422488  629.5267
4171.51546774319  644.7526
4174.3364412615  709.1354
4177.1574147798  783.7258
4179.97838829811  799.5569
4182.79936181642  799.1711
4185.62033533473  776.7868
4188.44130885304  763.8425
4191.26228237135  738.7
4194.08325588966  679.3779
4196.90422940797  682.2251
4199.72520292628  721.4327
4202.54617644459  808.5867
4205.36714996289  888.4769
4208.1881234812  863.3938
4211.00909699951  809.2005
4213.83007051782  784.9681
4216.65104403613  746.2844
4219.47201755444  593.4766
4222.29299107275  461.5782
4225.11396459105  523.4592
4227.93493810936  708.6701
4230.75591162767  823.3761
4233.57688514598  904.9212
4236.39785866429  1016.725
4239.2188321826  1078.84
4242.03980570091  1093.487
4244.86077921922  988.6882
4247.68175273753  859.8476
4250.50272625583  829.002
4253.32369977414  937.2488
4256.14467329245  1036.371
4258.96564681076  1117.306
4261.78662032907  1199.261
4264.60759384738  1122.763
4267.42856736569  927.3376
4270.249540884  873.9021
4273.0705144023  1042.788
4275.89148792061  1157.038
4278.71246143892  1157.981
4281.53343495723  1135.326
4284.35440847554  979.5734
4287.17538199385  906.592
4289.99635551216  1038.71
4292.81732903047  1086.358
4295.63830254878  1001.257
4298.45927606708  975.209
4301.28024958539  1014.924
4304.1012231037  1035.522
4306.92219662201  1247.694
4309.74317014032  1577.47
4312.56414365863  1734.22
4315.38511717694  1775.807
4318.20609069525  1700.734
4321.02706421355  1511.769
4323.84803773186  1633.456
4326.66901125017  1872.4
4329.48998476848  2016.906
4332.31095828679  1968.84
4335.1319318051  1725.447
4337.95290532341  1731.414
4340.77387884172  1967.549
4343.59485236003  2084.284
4346.41582587833  2073.911
4349.23679939664  1993.1
4352.05777291495  2187.081
4354.87874643326  2211.612
4357.69971995157  2229.016
4360.52069346988  2392.435
4363.34166698819  2333.941
4366.1626405065  2167.432
4368.9836140248  2096.697
4371.80458754311  1973.014
4374.62556106142  2011.907
4377.44653457973  1833.128
4380.26750809804  1519.969
4383.08848161635  1764.618
4385.90945513466  2023.654
4388.73042865297  2082.557
4391.55140217128  2174.604
4394.37237568958  2320.536
4397.19334920789  2183.574
4400.0143227262  1990.458
4402.83529624451  1762.906
4405.65626976282  2127.421
4408.47724328113  2452.661
4411.29821679944  2346.981
4414.11919031775  2508.286
4416.94016383605  2673.983
4419.76113735436  2505.596
4422.58211087267  2626.55
4425.40308439098  2620.534
4428.22405790929  2607.783
4431.0450314276  2635.363
4433.86600494591  2805.4
4436.68697846422  3085.4
4439.50795198253  2930.133
4442.32892550083  3080.721
4445.14989901914  3185.149
4447.97087253745  3040.596
4450.79184605576  2759.444
4453.61281957407  2585.36
4456.43379309238  2684.265
4459.25476661069  2814.011
4462.075740129  3082.706
4464.8967136473  3202.518
4467.71768716561  3368.506
4470.53866068392  3700.117
4473.35963420223  3898.925
4476.18060772054  3742.414
4479.00158123885  3654.126
4481.82255475716  3996.317
4484.64352827547  3837.54
4487.46450179377  3720.742
4490.28547531208  3695.181
4493.10644883039  3711.739
4495.9274223487  4124.892
4498.74839586701  4565.412
4501.56936938532  4603.987
4504.39034290363  4391.693
4507.21131642194  4315.876
4510.03228994024  4281.083
4512.85326345855  4177.175
4515.67423697686  4152.807
4518.49521049517  4144.594
4521.31618401348  3830.072
4524.13715753179  3403.873
4526.9581310501  3472.024
4529.77910456841  3750.291
4532.60007808671  3943.812
4535.42105160502  4193.294
4538.24202512333  4194.711
4541.06299864164  4150.506
4543.88397215995  4271.678
4546.70494567826  4406.826
4549.52591919657  4293.654
4552.34689271488  4502.024
4555.16786623319  5055.244
4557.98883975149  4937.326
4560.8098132698  4724.995
4563.63078678811  5077.897
4566.45176030642  5172.449
4569.27273382473  5001.688
4572.09370734304  5121.609
4574.91468086135  5074.003
4577.73565437966  4847.13
4580.55662789796  4927.844
4583.37760141627  5128.629
4586.19857493458  5269.379
4589.01954845289  4986.013
4591.8405219712  4816.346
4594.66149548951  5036.071
4597.48246900782  5223.291
4600.30344252613  5173.754
4603.12441604444  5437.647
4605.94538956274  6101.768
4608.76636308105  6154.322
4611.58733659936  6267.235
4614.40831011767  6394.587
4617.22928363598  6484.489
4620.05025715429  6384.342
4622.8712306726  6200.476
4625.69220419091  6165.077
4628.51317770921  6120.662
4631.33415122752  5772.452
4634.15512474583  5551.415
4636.97609826414  5415.895
4639.79707178245  5556.849
4642.61804530076  5377.333
4645.43901881907  5519.613
4648.25999233738  6087.13
4651.08096585568  6164.278
4653.90193937399  6386.15
4656.7229128923  6824.542
4659.54388641061  6579.217
4662.36485992892  6027.599
4665.18583344723  5769.61
4668.00680696554  6160.909
4670.82778048385  6544.54
4673.64875400216  6705.029
4676.46972752046  6572.617
4679.29070103877  6508.511
4682.11167455708  6742.721
4684.93264807539  6714.895
4687.7536215937  6823.183
4690.57459511201  7178.796
4693.39556863032  7309.757
4696.21654214863  6974.808
4699.03751566693  6983.216
4701.85848918524  7077.299
4704.67946270355  7010.22
4707.50043622186  7315.31
4710.32140974017  7406.598
4713.14238325848  7714.616
4715.96335677679  8285.796
4718.7843302951  8277.768
4721.60530381341  8242.928
4724.42627733171  7667.685
4727.24725085002  7285.3
4730.06822436833  7770.414
4732.88919788664  8239.743
4735.71017140495  8622.125
4738.53114492326  8446.187
4741.35211844157  8439.848
4744.17309195987  8767.278
4746.99406547818  8991.485
4749.81503899649  8899.786
4752.6360125148  8717.112
4755.45698603311  8527.1
4758.27795955142  8386.345
4761.09893306973  8206.06
4763.91990658804  8138.367
4766.74088010635  8644.687
4769.56185362466  8639.636
4772.38282714296  9151.181
4775.20380066127  9186.023
4778.02477417958  8746.039
4780.84574769789  8535.518
4783.6667212162  8935.918
4786.48769473451  9047.356
4789.30866825282  9545.371
4792.12964177112  10391.59
4794.95061528943  10040.62
4797.77158880774  10050.83
4800.59256232605  10633.56
4803.41353584436  10016.46
4806.23450936267  10012.6
4809.05548288098  10516.24
4811.87645639929  10716.39
4814.6974299176  11052.15
4817.51840343591  11102.48
4820.33937695421  10726.67
4823.16035047252  10833.31
4825.98132399083  10926.5
4828.80229750914  10754.02
4831.62327102745  10938.66
4834.44424454576  11440.92
4837.26521806407  11131.39
4840.08619158237  11223.01
4842.90716510068  11489.77
4845.72813861899  11472.56
4848.5491121373  11414.24
4851.37008565561  11282.91
4854.19105917392  11153.8
4857.01203269223  10786.71
4859.83300621054  10531.57
4862.65397972885  11265.58
4865.47495324715  11456.46
4868.29592676546  11380.27
4871.11690028377  11551.06
4873.93787380208  12275.57
4876.75884732039  12378.86
4879.5798208387  12089.61
4882.40079435701  11836.7
4885.22176787532  11990.25
4888.04274139362  12110.07
4890.86371491193  13430.38
4893.68468843024  14974.76
4896.50566194855  14361.97
4899.32663546686  13716.46
4902.14760898517  14317.08
4904.96858250348  14395.72
4907.78955602179  13932.89
4910.6105295401  14281.92
4913.4315030584  14724.78
4916.25247657671  13094.84
4919.07345009502  13150.43
4921.89442361333  14254.58
4924.71539713164  15384.95
4927.53637064995  15775.41
4930.35734416826  15026.14
4933.17831768656  14945.47
4935.99929120487  14223.05
4938.82026472318  15166.
4941.64123824149  16209.88
4944.4622117598  16682.01
4947.28318527811  16999.73
4950.10415879642  16241.75
4952.92513231473  14684.29
4955.74610583304  13304.79
4958.56707935134  14730.56
4961.38805286965  14553.58
4964.20902638796  14095.25
4967.02999990627  14881.37
4969.85097342458  15875.37
4972.67194694289  16242.99
4975.4929204612  15557.95
4978.31389397951  14070.01
4981.13486749781  13714.21
4983.95584101612  14938.95
4986.77681453443  15645.36
4989.59778805274  15804.01
4992.41876157105  15839.76
4995.23973508936  15172.15
4998.06070860767  14452.75
5000.88168212598  14441.82
5003.70265564429  14255.07
5006.5236291626  14913.57
5009.3446026809  14428.81
5012.16557619921  13829.64
5014.98654971752  14805.17
5017.80752323583  15088.58
5020.62849675414  15455.37
5023.44947027245  16073.12
5026.27044379076  16529.68
5029.09141730906  17820.26
5031.91239082737  17363.28
5034.73336434568  16042.01
5037.55433786399  14697.08
5040.3753113823  15926.07
5043.19628490061  18530.89
5046.01725841892  17990.76
5048.83823193723  17362.2
5051.65920545553  18480.23
5054.48017897384  19275.66
5057.30115249215  19628.85
5060.12212601046  19094.98
5062.94309952877  17599.52
5065.76407304708  17464.16
5068.58504656539  17924.81
5071.4060200837  18378.35
5074.22699360201  17842.86
5077.04796712031  16621.17
5079.86894063862  16800.97
5082.68991415693  17901.53
5085.51088767524  18843.37
5088.33186119355  19514.9
5091.15283471186  19657.51
5093.97380823017  19023.03
5096.79478174848  17933.43
5099.61575526678  18471.99
5102.43672878509  18498.2
5105.2577023034  18158.19
5108.07867582171  18278.14
5110.89964934002  19107.21
5113.72062285833  20198.52
5116.54159637664  20467.41
5119.36256989495  18741.93
5122.18354341326  17526.66
5125.00451693156  18143.04
5127.82549044987  18710.16
5130.64646396818  20236.42
5133.46743748649  21027.87
5136.2884110048  20389.27
5139.10938452311  19725.59
5141.93035804142  18970.39
5144.75133155973  18994.32
5147.57230507803  19063.78
5150.39327859634  18763.71
5153.21425211465  20197.04
5156.03522563296  22029.09
5158.85619915127  21811.44
5161.67717266958  19780.19
5164.49814618789  15580.61
5167.3191197062  13707.12
5170.14009322451  13918.21
5172.96106674281  15838.36
5175.78204026112  17995.51
5178.60301377943  16601.36
5181.42398729774  15989.73
5184.24496081605  19278.33
5187.06593433436  21598.01
5189.88690785267  19864.39
5192.70788137098  20046.69
5195.52885488928  21855.16
5198.34982840759  21889.3
5201.1708019259  19342.37
5203.99177544421  16647.01
5206.81274896252  16834.19
5209.63372248083  21802.12
5212.45469599914  24449.5
5215.27566951745  25185.96
5218.09664303575  26035.15
5220.91761655406  24470.43
5223.73859007237  21954.96
5226.55956359068  24920.01
5229.38053710899  26905.08
5232.2015106273  26882.69
5235.02248414561  28666.
5237.84345766392  28453.22
5240.66443118222  28507.22
5243.48540470053  26426.87
5246.30637821884  24095.15
5249.12735173715  24424.8
5251.94832525546  26083.58
5254.76929877377  27786.37
5257.59027229208  28243.15
5260.41124581039  24793.13
5263.2322193287  22310.38
5266.05319284701  22218.71
5268.87416636531  22729.7
5271.69513988362  27039.82
5274.51611340193  29817.16
5277.33708692024  31325.99
5280.15806043855  29954.58
5282.97903395686  31107.32
5285.80000747517  33141.29
5288.62098099348  32958.47
5291.44195451178  32259.61
5294.26292803009  29759.94
5297.0839015484  28294.99
5299.90487506671  31372.29
5302.72584858502  34594.87
5305.54682210333  35549.64
5308.36779562164  35669.8
5311.18876913995  34850.39
5314.00974265825  34310.
5316.83071617656  33660.18
5319.65168969487  32811.34
5322.47266321318  31651.78
5325.29363673149  27948.53
5328.1146102498  28252.34
5330.93558376811  33325.6
5333.75655728642  34902.29
5336.57753080472  33252.9
5339.39850432303  32410.21
5342.21947784134  33418.38
5345.04045135965  33495.07
5347.86142487796  34334.21
5350.68239839627  38054.58
5353.50337191458  40567.73
5356.32434543289  40483.2
5359.14531895119  38218.78
5361.9662924695  37105.25
5364.78726598781  36854.84
5367.60823950612  34322.38
5370.42921302443  34843.51
5373.25018654274  38214.04
5376.07116006105  39936.63
5378.89213357936  39068.85
5381.71310709766  38328.41
5384.53408061597  38057.95
5387.35505413428  35852.92
5390.17602765259  35281.41
5392.9970011709  34180.04
5395.81797468921  33929.37
5398.63894820752  36380.85
5401.45992172583  35112.46
5404.28089524414  32410.29
5407.10186876244  33850.49
5409.92284228075  37563.31
5412.74381579906  41475.23
5415.56478931737  42311.52
5418.38576283568  41185.26
5421.20673635399  40834.87
5424.0277098723  40486.73
5426.84868339061  38998.35
5429.66965690892  36306.31
5432.49063042722  35859.43
5435.31160394553  38405.02
5438.13257746384  42634.02
5440.95355098215  43285.71
5443.77452450046  38854.41
5446.59549801877  36108.73
5449.41647153708  37883.09
5452.23744505539  36164.55
5455.05841857369  36034.79
5457.879392092  38701.88
5460.70036561031  38933.48
5463.52133912862  39552.01
5466.34231264693  39442.96
5469.16328616524  38234.59
5471.98425968355  36967.43
5474.80523320186  37236.79
5477.62620672016  38509.31
5480.44718023847  38722.66
5483.26815375678  40281.32
5486.08912727509  40707.94
5488.9101007934  40874.68
5491.73107431171  41616.96
5494.55204783002  41218.43
5497.37302134833  41694.28
5500.19399486664  41131.53
5503.01496838494  39728.12
5505.83594190325  40369.9
5508.65691542156  40211.55
5511.47788893987  37928.86
5514.29886245818  39594.04
5517.11983597649  43593.33
5519.9408094948  45149.93
5522.76178301311  44827.06
5525.58275653141  42898.17
5528.40373004972  43758.32
5531.22470356803  44220.37
5534.04567708634  44475.44
5536.86665060465  45649.46
5539.68762412296  47266.8
5542.50859764127  46567.43
5545.32957115958  46784.36
5548.15054467789  48179.24
5550.97151819619  47520.83
5553.7924917145  45890.96
5556.61346523281  45382.94
5559.43443875112  45621.83
5562.25541226943  44840.4
5565.07638578774  44254.14
5567.89735930605  45415.48
5570.71833282436  46592.82
5573.53930634266  46517.46
5576.36027986097  47427.27
5579.18125337928  46924.77
5582.00222689759  45326.76
5584.8232004159  42418.36
5587.64417393421  41194.23
5590.46514745252  43219.81
5593.28612097083  44781.15
5596.10709448914  44138.51
5598.92806800744  42052.43
5601.74904152575  44039.59
5604.57001504406  47599.79
5607.39098856237  48680.26
5610.21196208068  48084.61
5613.03293559899  45870.21
5615.8539091173  43812.79
5618.67488263561  44814.68
5621.49585615391  44285.21
5624.31682967222  43876.31
5627.13780319053  45845.74
5629.95877670884  47303.92
5632.77975022715  47129.03
5635.60072374546  45920.39
5638.42169726377  44843.05
5641.24267078208  44646.
5644.06364430038  45302.1
5646.88461781869  46671.85
5649.705591337  48787.24
5652.52656485531  49110.83
5655.34753837362  46137.41
5658.16851189193  44835.13
5660.98948541024  45626.51
5663.81045892855  46374.16
5666.63143244685  46308.57
5669.45240596516  47723.86
5672.27337948347  50237.68
5675.09435300178  50855.38
5677.91532652009  49896.34
5680.7363000384  49046.96
5683.55727355671  49454.17
5686.37824707502  48713.75
5689.19922059333  51030.07
5692.02019411163  52170.22
5694.84116762994  50254.96
5697.66214114825  47516.48
5700.48311466656  46133.78
5703.30408818487  47019.07
5706.12506170318  45146.89
5708.94603522149  45293.81
5711.7670087398  48285.66
5714.5879822581  50730.59
5717.40895577641  51317.68
5720.22992929472  53279.46
5723.05090281303  52412.1
5725.87187633134  50057.73
5728.69284984965  50526.63
5731.51382336796  51374.04
5734.33479688627  52348.43
5737.15577040457  51846.77
5739.97674392288  52082.3
5742.79771744119  53044.09
5745.6186909595  53460.23
5748.43966447781  52453.98
5751.26063799612  52111.56
5754.08161151443  53174.19
5756.90258503274  54449.41
5759.72355855105  51415.85
5762.54453206935  52704.79
5765.36550558766  55626.98
5768.18647910597  54869.58
5771.00745262428  54127.83
5773.82842614259  54047.97
5776.6493996609  52631.47
5779.47037317921  49136.87
5782.29134669752  47095.15
5785.11232021582  48955.19
5787.93329373413  51122.45
5790.75426725244  54060.06
5793.57524077075  55861.87
5796.39621428906  55374.05
5799.21718780737  57412.47
5802.03816132568  57437.15
5804.85913484399  56018.35
5807.68010836229  56522.52
5810.5010818806  56846.58
5813.32205539891  55240.54
5816.14302891722  56249.91
5818.96400243553  58250.26
5821.78497595384  57331.11
5824.60594947215  57272.7
5827.42692299046  58476.85
5830.24789650877  58790.63
5833.06887002707  57478.86
5835.88984354538  56983.75
5838.71081706369  58257.22
5841.531790582  59361.74
5844.35276410031  57892.47
5847.17373761862  56235.9
5849.99471113693  53681.92
5852.81568465524  53128.16
5855.63665817354  52352.77
5858.45763169185  53942.56
5861.27860521016  54123.2
5864.09957872847  53361.2
5866.92055224678  54351.68
5869.74152576509  56018.23
5872.5624992834  55886.51
5875.38347280171  54441.37
5878.20444632002  51247.61
5881.02541983832  52102.4
5883.84639335663  50492.94
5886.66736687494  41838.55
5889.48834039325  35645.34
5892.30931391156  39232.2
5895.13028742987  39314.74
5897.95126094818  46562.03
5900.77223446649  50788.67
5903.59320798479  51693.75
5906.4141815031  52367.02
5909.23515502141  53217.79
5912.05612853972  51329.89
5914.87710205803  50325.57
5917.69807557634  51810.19
5920.51904909465  52481.16
5923.34002261296  53263.29
5926.16099613127  53850.66
5928.98196964957  53969.04
5931.80294316788  53448.45
5934.62391668619  52939.6
5937.4448902045  53720.52
5940.26586372281  53370.47
5943.08683724112  55147.93
5945.90781075943  55530.58
5948.72878427774  53867.64
5951.54975779604  53459.83
5954.37073131435  52481.95
5957.19170483266  53947.14
5960.01267835097  56749.71
5962.83365186928  56424.53
5965.65462538759  56571.21
5968.4755989059  58036.53
5971.29657242421  58592.05
5974.11754594252  56608.2
5976.93851946082  54941.87
5979.75949297913  55001.92
5982.58046649744  54033.59
5985.40144001575  55825.23
5988.22241353406  57371.31
5991.04338705237  58463.62
5993.86436057068  58720.18
5996.68533408899  57748.
5999.50630760729  56618.25
6002.3272811256  56800.37
6005.14825464391  56450.63
6007.96922816222  57584.11
6010.79020168053  57529.11
6013.61117519884  57344.72
6016.43214871715  56468.49
6019.25312223546  57196.84
6022.07409575377  58759.88
6024.89506927207  61127.47
6027.71604279038  62044.51
6030.53701630869  62035.77
6033.357989827  63028.5
6036.17896334531  63361.52
6038.99993686362  62666.63
6041.82091038192  64298.43
6044.64188390024  66009.02
6047.46285741854  66027.18
6050.28383093685  65063.18
6053.10480445516  63675.07
6055.92577797347  62056.45
6058.74675149178  62477.22
6061.56772501009  61048.98
6064.3886985284  61477.8
6067.2096720467  66212.81
6070.03064556502  67999.7
6072.85161908332  67157.73
6075.67259260163  65698.41
6078.49356611994  63890.88
6081.31453963825  62360.91
6084.13551315656  63786.1
6086.95648667487  62807.33
6089.77746019317  61612.71
6092.59843371149  63837.91
6095.41940722979  65388.02
6098.2403807481  64730.22
6101.06135426641  62310.37
6103.88232778472  62628.77
6106.70330130303  65080.06
6109.52427482134  65830.54
6112.34524833965  66640.96
6115.16622185796  66525.58
6117.98719537626  62548.7
6120.80816889457  61116.77
6123.62914241288  62659.46
6126.45011593119  63021.06
6129.2710894495  65667.35
6132.09206296781  63895.63
6134.91303648612  57567.25
6137.73401000442  59844.63
6140.55498352274  64561.3
6143.37595704104  66856.57
6146.19693055935  65643.86
6149.01790407766  63854.03
6151.83887759597  64807.68
6154.65985111428  63636.27
6157.48082463259  58666.66
6160.3017981509  52066.7
6163.1227716692  53289.83
6165.94374518751  56229.36
6168.76471870582  55831.66
6171.58569222413  57438.91
6174.40666574244  58808.73
6177.22763926075  59745.66
6180.04861277906  60860.48
6182.86958629737  59943.63
6185.69055981567  55640.69
6188.51153333398  51057.8
6191.33250685229  52665.41
6194.1534803706  57080.06
6196.97445388891  57521.98
6199.79542740722  57112.28
6202.61640092553  59805.04
6205.43737444384  60551.74
6208.25834796215  58844.13
6211.07932148045  53904.95
6213.90029499876  50410.97
6216.72126851707  51251.94
6219.54224203538  51100.68
6222.36321555369  51023.86
6225.184189072  51800.35
6228.00516259031  49869.13
6230.82613610861  49664.07
6233.64710962692  54032.78
6236.46808314523  53008.22
6239.28905666354  49347.59
6242.11003018185  48824.14
6244.93100370016  52560.42
6247.75197721847  54763.43
6250.57295073678  53086.57
6253.39392425509  51006.25
6256.2148977734  48401.64
6259.0358712917  50350.96
6261.85684481001  55759.42
6264.67781832832  55472.79
6267.49879184663  54828.3
6270.31976536494  56519.7
6273.14073888325  56529.99
6275.96171240156  54966.51
6278.78268591987  54469.49
6281.60365943817  56431.56
6284.42463295648  60275.01
6287.24560647479  62839.45
6290.0665799931  61288.23
6292.88755351141  57881.41
6295.70852702972  56839.89
6298.52950054803  58497.5
6301.35047406634  59353.21
6304.17144758464  60321.48
6306.99242110295  63141.82
6309.81339462126  63111.5
6312.63436813957  61496.79
6315.45534165788  61177.33
6318.27631517619  62468.3
6321.0972886945  64278.23
6323.91826221281  65177.18
6326.73923573111  67032.14
6329.56020924942  69002.4
6332.38118276773  67567.09
6335.20215628604  65939.1
6338.02312980435  67450.78
6340.84410332266  66285.85
6343.66507684097  64848.44
6346.48605035928  67859.64
6349.30702387759  70088.04
6352.1279973959  67430.57
6354.9489709142  64599.85
6357.76994443251  60860.8
6360.59091795082  59862.31
6363.41189146913  62478.39
6366.23286498744  67926.94
6369.05383850575  71496.84
6371.87481202406  72857.87
6374.69578554236  72317.11
6377.51675906067  69663.24
6380.33773257898  69763.35
6383.15870609729  71830.16
6385.9796796156  73000.58
6388.80065313391  71565.6
6391.62162665222  68290.86
6394.44260017053  70227.45
6397.26357368884  70869.99
6400.08454720714  70720.08
6402.90552072545  75026.82
6405.72649424376  73293.29
6408.54746776207  72253.84
6411.36844128038  70724.91
6414.18941479869  71736.28
6417.010388317  71402.05
6419.83136183531  70362.18
6422.65233535361  73236.88
6425.47330887192  74398.81
6428.29428239023  71286.73
6431.11525590854  70042.66
6433.93622942685  72667.91
6436.75720294516  73885.24
6439.57817646347  75351.28
6442.39914998177  78456.45
6445.22012350008  75777.7
6448.04109701839  68992.27
6450.8620705367  69311.8
6453.68304405501  74381.03
6456.50401757332  76926.95
6459.32499109163  76292.48
6462.14596460994  73615.02
6464.96693812825  76154.6
6467.78791164656  77488.56
6470.60888516486  74997.27
6473.42985868317  74414.92
6476.25083220148  75069.43
6479.07180571979  73950.09
6481.8927792381  71793.02
6484.71375275641  73552.16
6487.53472627472  74349.
6490.35569979302  70375.16
6493.17667331133  63720.11
6495.99764682964  61533.06
6498.81862034795  66190.96
6501.63959386626  71608.27
6504.46056738457  73284.54
6507.28154090288  73670.37
6510.10251442119  75437.05
6512.92348793949  75446.34
6515.74446145781  74174.71
6518.56543497611  75502.77
6521.38640849442  77892.29
6524.20738201273  77586.8
6527.02835553104  76719.07
6529.84932904935  76555.34
6532.67030256766  77912.85
6535.49127608597  79147.89
6538.31224960427  80159.38
6541.13322312258  78995.91
6543.95419664089  75967.17
6546.7751701592  75674.13
6549.59614367751  75172.34
6552.41711719582  73106.32
6555.23809071413  73140.51
6558.05906423244  72317.53
6560.88003775075  64034.64
6563.70101126905  66541.12
6566.52198478736  75745.59
6569.34295830567  76115.23
6572.16393182398  72631.59
6574.98490534229  74968.23
6577.8058788606  77836.62
6580.62685237891  78099.63
6583.44782589722  79318.93
6586.26879941552  81178.3
6589.08977293383  79489.93
6591.91074645214  75180.8
6594.73171997045  76698.48
6597.55269348876  78354.1
6600.37366700707  79738.35
6603.19464052538  78805.27
6606.01561404369  75329.05
6608.83658756199  75994.38
6611.6575610803  80490.64
6614.47853459861  81784.8
6617.29950811692  82413.98
6620.12048163523  82105.5
6622.94145515354  78170.8
6625.76242867185  78129.2
6628.58340219016  78459.5
6631.40437570847  77510.71
6634.22534922677  78350.36
6637.04632274508  80191.34
6639.86729626339  80192.77
6642.6882697817  78707.05
6645.50924330001  78558.35
6648.33021681832  78651.53
6651.15119033663  78119.66
6653.97216385494  78104.49
6656.79313737325  78454.6
6659.61411089155  77881.93
6662.43508440986  74917.25
6665.25605792817  75278.7
6668.07703144648  78608.66
6670.89800496479  80839.55
6673.7189784831  79436.94
6676.53995200141  75748.26
6679.36092551972  75072.95
6682.18189903802  77079.23
6685.00287255633  78091.84
6687.82384607464  78009.5
6690.64481959295  78108.71
6693.46579311126  77232.03
6696.28676662957  77057.74
6699.10774014788  78949.29
6701.92871366619  78818.58
6704.74968718449  77652.74
6707.5706607028  77152.65
6710.39163422111  77409.
6713.21260773942  74731.83
6716.03358125773  72040.91
6718.85455477604  73953.92
6721.67552829435  75544.02
6724.49650181266  76229.93
6727.31747533097  76682.57
6730.13844884927  77251.2
6732.95942236758  76886.31
6735.78039588589  76402.8
6738.6013694042  75403.41
6741.42234292251  75196.05
6744.24331644082  74846.
6747.06428995913  73522.55
6749.88526347744  72504.67
6752.70623699574  73422.04
6755.52721051405  77333.63
6758.34818403236  79200.85
6761.16915755067  78049.96
6763.99013106898  77061.02
6766.81110458729  76175.68
6769.6320781056  77126.87
6772.4530516239  79602.98
6775.27402514221  82102.16
6778.09499866052  81627.34
6780.91597217883  77802.55
6783.73694569714  74291.43
6786.55791921545  75309.84
6789.37889273376  76357.09
6792.19986625207  76159.55
6795.02083977038  77442.98
6797.84181328868  79351.8
6800.66278680699  80266.52
6803.4837603253  80420.02
6806.30473384361  79975.55
6809.12570736192  79983.93
6811.94668088023  79499.34
6814.76765439854  79497.12
6817.58862791685  80297.08
6820.40960143516  81195.31
6823.23057495347  82310.08
6826.05154847177  81228.23
6828.87252199008  79641.38
6831.69349550839  80531.32
6834.5144690267  82006.22
6837.33544254501  80912.71
6840.15641606332  79143.24
6842.97738958163  80021.93
6845.79836309993  81411.98
6848.61933661824  81101.73
6851.44031013655  79943.99
6854.26128365486  78756.35
6857.08225717317  78125.62
6859.90323069148  77831.28
6862.72420420979  78845.35
6865.5451777281  72633.48
6868.3661512464  59350.63
6871.18712476471  54818.01
6874.00809828302  60186.34
6876.82907180133  67868.16
6879.65004531964  73302.84
6882.47101883795  74849.73
6885.29199235626  73651.27
6888.11296587457  73488.8
6890.93393939288  73251.83
6893.75491291118  73264.55
6896.57588642949  73378.01
6899.3968599478  75309.52
6902.21783346611  77185.55
6905.03880698442  78513.78
6907.85978050273  79383.66
6910.68075402104  78818.77
6913.50172753935  78959.14
6916.32270105766  80720.42
6919.14367457597  82401.63
6921.96464809427  80616.67
6924.78562161258  79576.49
6927.60659513089  81355.39
6930.4275686492  81700.16
6933.24854216751  81795.1
6936.06951568582  82764.6
6938.89048920413  83237.37
6941.71146272243  81909.23
6944.53243624074  81576.45
6947.35340975905  82948.56
6950.17438327736  81997.58
6952.99535679567  81622.09
6955.81633031398  83322.06
6958.63730383229  84869.78
6961.4582773506  85966.49
6964.2792508689  86806.6
6967.10022438721  87137.95
6969.92119790552  86749.52
6972.74217142383  85338.7
6975.56314494214  80982.3
6978.38411846045  79387.7
6981.20509197876  83654.85
6984.02606549707  86682.83
6986.84703901538  84798.2
6989.66801253368  83596.44
6992.48898605199  84674.34
6995.3099595703  84316.66
6998.13093308861  83420.14
7000.95190660692  83842.02
7003.77288012523  83908.14
7006.59385364354  83897.74
7009.41482716185  85137.68
7012.23580068015  83382.43
7015.05677419846  81094.2
7017.87774771677  83338.24
7020.69872123508  84536.54
7023.51969475339  83193.55
7026.3406682717  83310.44
7029.16164179001  84969.2
7031.98261530832  85931.58
7034.80358882662  84734.91
7037.62456234493  84446.01
7040.44553586324  87410.6
7043.26650938155  89236.73
7046.08748289986  88853.41
7048.90845641817  86547.95
7051.72942993648  80519.94
7054.55040345479  77017.59
7057.37137697309  77694.02
7060.1923504914  77100.39
7063.01332400971  75673.37
7065.83429752802  74316.35
7068.65527104633  76375.42
7071.47624456464  79999.13
7074.29721808295  81723.25
7077.11819160126  81803.12
7079.93916511956  81200.41
7082.76013863788  77135.59
7085.58111215618  71922.84
7088.40208567449  70298.36
7091.2230591928  71336.13
7094.04403271111  71492.36
7096.86500622942  72026.23
7099.68597974773  72558.82
7102.50695326604  72389.42
7105.32792678435  73711.21
7108.14890030265  72699.8
7110.96987382096  72153.61
7113.79084733927  74279.63
7116.61182085758  75921.31
7119.43279437589  75547.95
7122.2537678942  72796.7
7125.07474141251  67963.68
7127.89571493082  64586.4
7130.71668844912  64747.47
7133.53766196743  66891.88
7136.35863548574  67710.83
7139.17960900405  68152.27
7142.00058252236  68847.04
7144.82155604067  68817.99
7147.64252955898  68706.84
7150.46350307729  69641.28
7153.28447659559  70803.11
7156.1054501139  71147.38
7158.92642363221  70909.85
7161.74739715052  70161.26
7164.56837066883  69615.7
7167.38934418714  69198.4
7170.21031770545  69092.82
7173.03129122376  69301.3
7175.85226474206  67888.23
7178.67323826037  67299.86
7181.49421177868  67382.02
7184.31518529699  64383.74
7187.1361588153  62281.95
7189.95713233361  64024.12
7192.77810585192  65853.58
7195.59907937023  66803.52
7198.42005288854  66150.35
7201.24102640685  66252.16
7204.06199992515  66574.5
7206.88297344346  67186.06
7209.70394696177  69561.09
7212.52492048008  71668.59
7215.34589399839  72859.41
7218.1668675167  74389.56
7220.98784103501  74149.73
7223.80881455331  74810.8
7226.62978807162  75615.44
7229.45076158993  75237.63
7232.27173510824  72588.52
7235.09270862655  71019.41
7237.91368214486  71160.5
7240.73465566317  70579.86
7243.55562918148  70804.27
7246.37660269979  73932.03
7249.19757621809  73655.58
7252.0185497364  71254.94
7254.83952325471  72772.48
7257.66049677302  74515.55
7260.48147029133  73522.25
7263.30244380964  72870.23
7266.12341732795  75058.36
7268.94439084626  75998.18
7271.76536436456  75432.88
7274.58633788287  73640.38
7277.40731140118  73441.66
7280.22828491949  73085.28
7283.0492584378  74392.57
7285.87023195611  74575.9
7288.69120547442  71574.52
7291.51217899273  71568.32
7294.33315251103  75413.08
7297.15412602934  77383.61
7299.97509954765  75639.77
7302.79607306596  75125.67
7305.61704658427  75119.85
7308.43802010258  75117.6
7311.25899362089  75629.15
7314.0799671392  75250.8
7316.90094065751  74624.38
7319.72191417581  75900.26
7322.54288769412  76047.72
7325.36386121243  76130.73
7328.18483473074  76784.2
7331.00580824905  77112.54
7333.82678176736  78238.59
7336.64775528567  79367.46
7339.46872880398  79880.89
7342.28970232229  78948.42
7345.11067584059  77303.37
7347.9316493589  78093.38
7350.75262287721  77123.46
7353.57359639552  74218.77
7356.39456991383  74093.76
7359.21554343214  74766.89
7362.03651695045  74397.19
7364.85749046875  75925.66
7367.67846398706  78678.49
7370.49943750537  80196.48
7373.32041102368  81092.63
7376.14138454199  81082.5
7378.9623580603  80524.12
7381.78333157861  78349.14
7384.60430509692  76332.95
7387.42527861523  75955.02
7390.24625213354  76116.23
7393.06722565184  78218.45
7395.88819917015  78743.19
7398.70917268846  77446.86
7401.53014620677  78523.58
7404.35111972508  79883.84
7407.17209324339  79163.58
7409.9930667617  77257.62
7412.81404028  75745.77
7415.63501379831  74605.27
7418.45598731662  74911.3
7421.27696083493  75582.98
7424.09793435324  77171.19
7426.91890787155  78405.12
7429.73988138986  77500.69
7432.56085490817  77672.65
7435.38182842648  78202.7
7438.20280194478  77204.86
7441.02377546309  75802.44
7443.8447489814  75996.99
7446.66572249971  77232.89
7449.48669601802  78414.29
7452.30766953633  78664.6
7455.12864305464  78469.15
7457.94961657295  76484.09
7460.77059009125  74958.55
7463.59156360956  76583.56
7466.41253712787  77809.61
7469.23351064618  77269.04
7472.05448416449  76168.27
7474.8754576828  76299.88
7477.69643120111  76309.03
7480.51740471941  76028.55
7483.33837823772  75966.17
7486.15935175603  76075.6
7488.98032527434  75274.47
7491.80129879265  73509.36
7494.62227231096  73108.01
7497.44324582927  74914.87
7500.26421934758  76710.79
7503.08519286589  76987.34
7505.9061663842  75360.15
7508.7271399025  74738.88
7511.54811342081  75175.87
7514.36908693912  76333.9
7517.19006045743  77017.87
7520.01103397574  76273.05
7522.83200749405  75191.8
7525.65298101236  75237.04
7528.47395453067  75106.65
7531.29492804897  75294.85
7534.11590156728  76639.16
7536.93687508559  76410.7
7539.7578486039  75580.45
7542.57882212221  75061.96
7545.39979564052  74672.88
7548.22076915883  74981.79
7551.04174267714  74569.59
7553.86271619545  73693.83
7556.68368971375  74162.59
7559.50466323206  74413.41
7562.32563675037  74061.66
7565.14661026868  73873.24
7567.96758378699  73621.58
7570.7885573053  73941.86
7573.60953082361  73875.14
7576.43050434191  73661.18
7579.25147786022  72767.52
7582.07245137853  71254.39
7584.89342489684  70281.01
7587.71439841515  69658.06
7590.53537193346  65153.62
7593.35634545177  52171.52
7596.17731897008  35283.39
7598.99829248839  23089.22
7601.8192660067  16944.23
7604.640239525  14190.18
7607.46121304331  15273.18
7610.28218656162  19619.62
7613.10316007993  27949.33
7615.92413359824  39730.27
7618.74510711655  46496.93
7621.56608063486  43143.33
7624.38705415317  36546.45
7627.20802767147  32851.79
7630.02900118978  32234.89
7632.84997470809  34072.49
7635.6709482264  34739.3
7638.49192174471  35749.02
7641.31289526302  40161.61
7644.13386878133  42349.05
7646.95484229964  44910.77
7649.77581581795  47333.71
7652.59678933625  47623.07
7655.41776285456  50019.43
7658.23873637287  50100.9
7661.05970989118  51468.09
7663.88068340949  51489.81
7666.7016569278  54419.29
7669.52263044611  57579.73
7672.34360396441  60106.02
7675.16457748272  60693.59
7677.98555100103  60990.7
7680.80652451934  61713.29
7683.62749803765  62234.63
7686.44847155596  62625.66
7689.26944507427  62138.93
7692.09041859258  62502.66
7694.91139211088  62045.84
7697.73236562919  61177.35
7700.5533391475  61674.08
7703.37431266581  62948.73
7706.19528618412  62681.63
7709.01625970243  61538.39
7711.83723322074  59297.19
7714.65820673905  59745.1
7717.47918025735  61472.41
7720.30015377566  62071.35
7723.12112729397  61439.97
7725.94210081228  62043.8
7728.76307433059  63006.59
7731.5840478489  63387.6
7734.40502136721  63871.63
7737.22599488552  63596.67
7740.04696840383  63321.43
7742.86794192213  62388.75
7745.68891544044  60419.88
7748.50988895875  59499.55
7751.33086247706  60673.34
7754.15183599537  62417.55
7756.97280951368  63507.93
7759.79378303199  62988.46
7762.61475655029  62894.01
7765.43573006861  62641.96
7768.25670358691  62353.1
7771.07767710522  62599.94
7773.89865062353  63008.49
7776.71962414184  62719.29
7779.54059766015  62393.43
7782.36157117846  62199.46
7785.18254469677  61572.9
7788.00351821508  61015.3
7790.82449173338  61496.55
7793.64546525169  62246.29
7796.46643877  61328.11
7799.28741228831  60948.89
7802.10838580662  62099.81
7804.92935932493  61652.07
7807.75033284324  61044.71
7810.57130636155  61718.14
7813.39227987985  62236.59
7816.21325339816  62429.86
7819.03422691647  61882.43
7821.85520043478  61512.12
7824.67617395309  61626.16
7827.4971474714  60824.36
7830.31812098971  59449.04
7833.13909450802  58543.03
7835.96006802632  58308.59
7838.78104154463  58784.75
7841.60201506294  59566.26
7844.42298858125  59416.62
7847.24396209956  58741.39
7850.06493561787  58268.29
7852.88590913618  57637.18
7855.70688265449  58286.87
7858.52785617279  59117.43
7861.3488296911  59131.73
7864.16980320941  59248.73
7866.99077672772  58887.04
7869.81175024603  57816.52
7872.63272376434  57251.07
7875.45369728265  56889.65
7878.27467080096  56626.5
7881.09564431927  56248.7
7883.91661783757  56224.38
7886.73759135588  56479.29
7889.55856487419  56762.05
7892.3795383925  55451.43
7895.20051191081  54794.36
7898.02148542912  54468.6
7900.84245894743  54491.07
7903.66343246573  55021.83
7906.48440598405  54081.48
7909.30537950235  52574.34
7912.12635302066  52075.8
7914.94732653897  51774.88
7917.76830005728  52343.29
7920.58927357559  52444.43
7923.4102470939  53266.11
7926.23122061221  53424.07
7929.05219413052  53307.8
7931.87316764882  53229.31
7934.69414116713  52217.96
7937.51511468544  51356.05
7940.33608820375  50766.51
7943.15706172206  49861.71
7945.97803524037  49481.34
7948.79900875868  50491.08
7951.61998227699  51785.67
7954.44095579529  51784.3
7957.2619293136  51373.71
7960.08290283191  50887.02
7962.90387635022  50872.14
7965.72484986853  51354.03
7968.54582338684  51658.21
7971.36679690515  52054.16
7974.18777042346  51925.44
7977.00874394177  50805.22
7979.82971746007  50436.73
7982.65069097838  50764.93
7985.47166449669  50543.83
7988.292638015  50496.18
7991.11361153331  50438.57
7993.93458505162  49983.63
7996.75555856993  49239.37
7999.57653208823  49252.43
8002.39750560654  49611.01
8005.21847912485  50095.85
8008.03945264316  49960.5
8010.86042616147  49982.26
8013.68139967978  50299.29
8016.50237319809  50400.53
8019.3233467164  50165.9
8022.14432023471  48858.39
8024.96529375302  46359.9
8027.78626727132  45858.
8030.60724078963  47736.59
8033.42821430794  49541.63
8036.24918782625  50003.75
8039.07016134456  49742.09
8041.89113486287  48507.47
8044.71210838118  46527.47
8047.53308189948  46348.44
8050.35405541779  47205.64
8053.1750289361  48004.66
8055.99600245441  47985.33
8058.81697597272  47707.23
8061.63794949103  47503.61
8064.45892300934  46951.33
8067.27989652765  45674.51
8070.10087004596  44864.97
8072.92184356427  44719.41
8075.74281708257  45658.53
8078.56379060088  46204.72
8081.38476411919  46083.16
8084.2057376375  45872.67
8087.02671115581  45667.01
8089.84768467412  44531.48
8092.66865819243  43165.14
8095.48963171073  43025.12
8098.31060522904  43680.42
8101.13157874735  44338.
8103.95255226566  44350.02
8106.77352578397  43562.46
8109.59449930228  43119.33
8112.41547282059  42571.21
8115.2364463389  41584.43
8118.05741985721  41533.59
8120.87839337551  42461.81
8123.69936689382  43459.18
8126.52034041213  43176.08
8129.34131393044  42183.52
8132.16228744875  41302.82
8134.98326096706  41011.88
8137.80423448537  41447.28
8140.62520800368  41186.55
8143.44618152198  40442.21
8146.26715504029  39953.93
8149.0881285586  39544.28
8151.90910207691  39667.27
8154.73007559522  39896.41
8157.55104911353  39585.74
8160.37202263184  37608.46
8163.19299615015  36293.7
8166.01396966845  37173.07
8168.83494318676  38321.23
8171.65591670507  38998.68
8174.47689022338  39620.66
8177.29786374169  38201.31
8180.11883726  36503.73
8182.93981077831  36709.4
8185.76078429662  37214.09
8188.58175781493  37631.37
8191.40273133323  37624.37
8194.22370485154  36783.8
8197.04467836985  36101.61
8199.86565188816  35954.86
8202.68662540647  36773.41
8205.50759892478  37524.86
8208.32857244309  38498.45
8211.14954596139  38782.43
8213.97051947971  38379.11
8216.79149299801  38472.87
8219.61246651632  38209.27
8222.43344003463  37748.66
8225.25441355294  36394.3
8228.07538707125  33637.03
8230.89636058956  32571.99
8233.71733410787  34322.7
8236.53830762617  36393.82
8239.35928114448  37081.3
8242.18025466279  37348.39
8245.0012281811  37977.38
8247.82220169941  38645.83
8250.64317521772  38372.66
8253.46414873603  36779.29
8256.28512225434  35753.61
8259.10609577264  36407.14
8261.92706929095  37702.5
8264.74804280926  37932.25
8267.56901632757  38068.46
8270.38998984588  37961.43
8273.21096336419  36377.28
8276.0319368825  35469.63
8278.85291040081  35285.97
8281.67388391912  35837.89
8284.49485743742  35755.84
8287.31583095573  35292.52
8290.13680447404  34635.08
8292.95777799235  34487.09
8295.77875151066  34821.71
8298.59972502897  35146.87
8301.42069854728  35033.12
8304.24167206559  33720.56
8307.06264558389  32578.61
8309.88361910221  33035.03
8312.70459262051  33852.89
8315.52556613882  34762.61
8318.34653965713  34686.71
8321.16751317544  33595.21
8323.98848669375  32949.27
8326.80946021206  32844.94
8329.63043373037  33061.39
8332.45140724867  33247.92
8335.27238076698  33306.28
8338.09335428529  33301.57
8340.9143278036  33300.47
8343.73530132191  33319.53
8346.55627484022  32934.29
8349.37724835853  32591.46
8352.19822187684  32920.72
8355.01919539514  33503.29
8357.84016891345  33294.28
8360.66114243176  32919.45
8363.48211595007  32081.7
8366.30308946838  31920.72
8369.12406298669  33159.84
8371.945036505  33394.11
8374.76601002331  32922.31
8377.58698354162  32328.86
8380.40795705992  31333.36
8383.22893057823  30385.74
8386.04990409654  29952.62
8388.87087761485  29994.2
8391.69185113316  31446.62
8394.51282465147  32485.86
8397.33379816978  32346.66
8400.15477168808  32252.56
8402.97574520639  32438.32
8405.7967187247  32877.52
8408.61769224301  32865.57
8411.43866576132  31780.57
8414.25963927963  31114.78
8417.08061279794  31295.8
8419.90158631625  31579.6
8422.72255983456  31238.
8425.54353335286  30126.96
8428.36450687117  30484.85
8431.18548038948  31611.92
8434.00645390779  30633.03
8436.8274274261  28926.04
8439.64840094441  29302.51
8442.46937446272  30348.7
8445.29034798103  30913.55
8448.11132149933  30490.72
8450.93229501764  30294.63
8453.75326853595  30492.82
8456.57424205426  30540.07
8459.39521557257  30398.72
8462.21618909088  30724.13
8465.03716260919  30168.85
8467.8581361275  28811.79
8470.6791096458  28778.83
8473.50008316412  29960.54
8476.32105668242  30723.04
8479.14203020073  30405.8
8481.96300371904  29950.52
8484.78397723735  29751.11
8487.60495075566  29955.26
8490.42592427397  29903.32
8493.24689779228  28981.02
8496.06787131058  25858.24
8498.88884482889  22348.08
8501.7098183472  23500.31
8504.53079186551  27105.13
8507.35176538382  28806.71
8510.17273890213  29168.63
8512.99371242044  27907.88
8515.81468593875  26624.77
8518.63565945706  26605.48
8521.45663297536  27348.3
8524.27760649367  28101.75
8527.09858001198  27883.93
8529.91955353029  27610.99
8532.7405270486  27293.92
8535.56150056691  26274.07
8538.38247408522  23610.78
8541.20344760353  18618.11
8544.02442112183  15269.12
8546.84539464014  18354.94
8549.66636815845  22648.84
8552.48734167676  25472.22
8555.30831519507  26491.51
8558.12928871338  26605.7
8560.95026223169  27047.85
8563.77123574999  27109.13
8566.5922092683  26973.73
8569.41318278661  26753.93
8572.23415630492  26470.45
8575.05512982323  26370.64
8577.87610334154  26374.19
8580.69707685985  26418.75
8583.51805037816  26234.4
8586.33902389647  26100.97
8589.15999741478  26400.49
8591.98097093308  26429.96
8594.80194445139  26143.59
8597.6229179697  25966.91
8600.44389148801  25597.98
8603.26486500632  25690.68
8606.08583852463  25908.76
8608.90681204294  25872.05
8611.72778556125  25040.39
8614.54875907956  24501.61
8617.36973259786  25079.51
8620.19070611617  25314.12
8623.01167963448  24996.21
8625.83265315279  25202.32
8628.6536266711  25607.45
8631.47460018941  25432.72
8634.29557370772  25224.05
8637.11654722603  24983.37
8639.93752074433  25164.88
8642.75849426264  25003.18
8645.57946778095  24552.17
8648.40044129926  24431.3
8651.22141481757  24138.86
8654.04238833588  23644.67
8656.86336185419  23047.61
8659.68433537249  21054.43
8662.5053088908  16550.7
8665.32628240911  14305.34
8668.14725592742  18284.88
8670.96822944573  21607.38
8673.78920296404  22364.72
8676.61017648235  21675.49
8679.43115000066  21924.45
8682.25212351897  22283.13
8685.07309703728  22272.02
8687.89407055558  21823.99
8690.71504407389  20562.51
8693.5360175922  20877.3
8696.35699111051  22247.24
8699.17796462882  22569.25
8701.99893814713  21894.52
8704.81991166544  21868.71
8707.64088518374  22169.23
8710.46185870205  22132.77
8713.28283222036  21723.08
8716.10380573867  21538.44
8718.92477925698  21704.33
8721.74575277529  21767.92
8724.5667262936  21938.55
8727.38769981191  21968.99
8730.20867333021  21651.04
8733.02964684853  21592.17
8735.85062036683  21334.54
8738.67159388514  20903.21
8741.49256740345  21009.48
8744.31354092176  21118.71
8747.13451444007  21416.17
8749.95548795838  21233.28
8752.77646147669  20934.28
8755.59743499499  21037.4
8758.4184085133  20727.43
8761.23938203161  20631.29
8764.06035554992  20680.26
8766.88132906823  20234.58
8769.70230258654  20086.76
8772.52327610485  20076.52
8775.34424962316  19631.01
8778.16522314147  19708.33
8780.98619665978  19986.24
8783.80717017808  20162.47
8786.62814369639  20310.06
8789.4491172147  20201.09
8792.27009073301  19906.27
8795.09106425132  19539.51
8797.91203776963  19521.6
8800.73301128794  19603.85
8803.55398480624  19602.18
8806.37495832455  18446.62
8809.19593184286  16951.1
8812.01690536117  17602.77
8814.83787887948  18743.47
8817.65885239779  19205.25
8820.4798259161  19050.42
8823.30079943441  18656.95
8826.12177295271  17923.86
8828.94274647103  17942.
8831.76371998933  18708.18
8834.58469350764  18781.06
8837.40566702595  18369.27
8840.22664054426  17706.02
8843.04761406257  17591.27
8845.86858758088  17973.94
8848.68956109919  17993.3
8851.51053461749  18127.45
8854.3315081358  18374.94
8857.15248165411  18247.18
8859.97345517242  18105.62
8862.79442869073  17779.19
8865.61540220904  17470.98
8868.43637572735  17144.21
8871.25734924565  16739.78
8874.07832276396  17161.21
8876.89929628228  17344.55
8879.72026980058  16975.71
8882.54124331889  16540.48
8885.3622168372  16887.94
8888.18319035551  17066.95
8891.00416387382  17080.89
8893.82513739213  16834.95
8896.64611091044  16579.34
8899.46708442874  16531.5
8902.28805794705  16511.56
8905.10903146536  16536.75
8907.93000498367  16505.13
8910.75097850198  16424.62
8913.57195202029  16233.43
8916.3929255386  15980.
8919.2138990569  15886.18
8922.03487257521  15484.48
8924.85584609353  15315.61
8927.67681961183  15363.47
8930.49779313014  15306.14
8933.31876664845  14869.59
8936.13974016676  14742.8
8938.96071368507  14947.03
8941.78168720338  15234.57
8944.60266072169  14925.77
8947.42363423999  14308.38
8950.2446077583  13745.87
8953.06558127661  13775.27
8955.88655479492  13972.93
8958.70752831323  13750.57
8961.52850183154  13892.87
8964.34947534985  13966.01
8967.17044886815  13121.13
8969.99142238646  12623.37
8972.81239590477  12853.3
8975.63336942308  12616.94
8978.45434294139  12291.47
8981.2753164597  12506.04
8984.09628997801  12697.08
8986.91726349632  12824.06
8989.73823701463  13136.31
