3214.0067563241  2169.52
3216.82725968955  586.4031
3219.64776305499  380.0409
3222.46826642044  436.5383
3225.28876978588  427.6156
3228.10927315133  444.449
3230.92977651677  456.0761
3233.75027988221  461.7635
3236.57078324766  452.1038
3239.3912866131  447.5067
3242.21178997855  483.5924
3245.03229334399  494.2293
3247.85279670944  527.062
3250.67330007488  542.1821
3253.49380344033  542.9017
3256.31430680577  523.9554
3259.13481017122  552.5011
3261.95531353666  549.9981
3264.77581690211  559.2079
3267.59632026755  573.2039
3270.41682363299  588.34
3273.23732699844  629.558
3276.05783036388  659.9222
3278.87833372933  631.3417
3281.69883709477  625.6756
3284.51934046022  645.3924
3287.33984382566  635.5842
3290.16034719111  640.5952
3292.98085055655  683.8215
3295.80135392199  712.6689
3298.62185728744  745.1342
3301.44236065288  738.5414
3304.26286401833  744.0372
3307.08336738377  780.4161
3309.90387074922  757.2676
3312.72437411466  753.2273
3315.54487748011  747.9825
3318.36538084555  748.6422
3321.18588421099  773.7692
3324.00638757644  778.4082
3326.82689094188  749.1367
3329.64739430733  789.0809
3332.46789767277  800.7692
3335.28840103822  775.4839
3338.10890440366  777.9837
3340.92940776911  778.9201
3343.74991113455  783.2876
3346.5704145  815.602
3349.39091786544  865.7687
3352.21142123088  878.3881
3355.03192459633  859.6102
3357.85242796177  883.3386
3360.67293132722  898.6078
3363.49343469266  914.1519
3366.31393805811  942.3829
3369.13444142355  928.6006
3371.954944789  939.1558
3374.77544815444  958.58
3377.59595151988  968.8316
3380.41645488533  972.9782
3383.23695825077  1012.599
3386.05746161622  1038.018
3388.87796498166  1013.869
3391.69846834711  1038.724
3394.51897171255  1037.368
3397.339475078  1041.272
3400.15997844344  1067.774
3402.98048180889  1078.436
3405.80098517433  1113.815
3408.62148853977  1112.729
3411.44199190522  1099.935
3414.26249527066  1130.896
3417.08299863611  1142.313
3419.90350200155  1128.517
3422.724005367  1145.654
3425.54450873244  1135.078
3428.36501209789  1153.03
3431.18551546333  1211.587
3434.00601882878  1230.881
3436.82652219422  1236.399
3439.64702555966  1208.517
3442.46752892511  1166.448
3445.28803229055  1146.439
3448.108535656  1177.122
3450.92903902144  1188.806
3453.74954238689  1204.293
3456.57004575233  1236.245
3459.39054911778  1223.201
3462.21105248322  1213.953
3465.03155584866  1210.323
3467.85205921411  1217.207
3470.67256257955  1251.102
3473.493065945  1271.104
3476.31356931044  1269.417
3479.13407267589  1300.218
3481.95457604133  1337.654
3484.77507940678  1401.165
3487.59558277222  1417.14
3490.41608613767  1385.724
3493.23658950311  1415.365
3496.05709286855  1432.01
3498.877596234  1464.571
3501.69809959944  1497.343
3504.51860296489  1506.385
3507.33910633033  1517.25
3510.15960969578  1536.918
3512.98011306122  1525.096
3515.80061642667  1491.132
3518.62111979211  1490.959
3521.44162315755  1520.05
3524.262126523  1509.735
3527.08262988844  1483.136
3529.90313325389  1535.884
3532.72363661933  1599.474
3535.54413998478  1626.201
3538.36464335022  1655.852
3541.18514671567  1678.158
3544.00565008111  1673.241
3546.82615344656  1673.216
3549.646656812  1741.229
3552.46716017744  1760.93
3555.28766354289  1704.182
3558.10816690833  1713.561
3560.92867027378  1790.357
3563.74917363922  1749.54
3566.56967700467  1722.387
3569.39018037011  1723.345
3572.21068373556  1724.784
3575.031187101  1772.923
3577.85169046644  1810.634
3580.67219383189  1763.825
3583.49269719733  1781.94
3586.31320056278  1751.417
3589.13370392822  1768.061
3591.95420729367  1841.175
3594.77471065911  1848.045
3597.59521402456  1847.909
3600.41571739  1888.395
3603.23622075544  1885.812
3606.05672412089  1854.031
3608.87722748633  1816.591
3611.69773085178  1857.541
3614.51823421722  1928.198
3617.33873758267  1914.221
3620.15924094811  1918.77
3622.97974431356  1952.047
3625.800247679  1979.518
3628.62075104445  2003.382
3631.44125440989  1983.955
3634.26175777534  1994.15
3637.08226114078  2001.934
3639.90276450622  2049.722
3642.72326787167  2057.601
3645.54377123711  2038.182
3648.36427460256  2023.063
3651.184777968  2048.892
3654.00528133345  2102.046
3656.82578469889  2120.412
3659.64628806434  2110.509
3662.46679142978  2139.044
3665.28729479522  2191.302
3668.10779816067  2189.005
3670.92830152611  2162.914
3673.74880489156  2150.487
3676.569308257  2154.952
3679.38981162245  2162.482
3682.21031498789  2112.115
3685.03081835334  2102.558
3687.85132171878  2192.885
3690.67182508422  2255.046
3693.49232844967  2232.057
3696.31283181511  2261.585
3699.13333518056  2207.259
3701.953838546  2213.062
3704.77434191145  2252.958
3707.59484527689  2227.448
3710.41534864234  2271.492
3713.23585200778  2320.767
3716.05635537322  2365.739
3718.87685873867  2320.892
3721.69736210411  2233.061
3724.51786546956  2379.441
3727.338368835  2487.669
3730.15887220045  2390.547
3732.97937556589  2222.688
3735.79987893134  2267.99
3738.62038229678  2459.813
3741.44088566223  2559.286
3744.26138902767  2435.13
3747.08189239312  2254.504
3749.90239575856  2224.506
3752.722899124  2463.565
3755.54340248945  2687.885
3758.36390585489  2723.576
3761.18440922034  2698.177
3764.00491258578  2612.72
3766.82541595123  2437.763
3769.64591931667  2326.287
3772.46642268212  2463.893
3775.28692604756  2800.412
3778.107429413  2985.429
3780.92793277845  3026.836
3783.74843614389  3073.821
3786.56893950934  3021.07
3789.38944287478  2862.526
3792.20994624023  2640.896
3795.03044960567  2418.65
3797.85095297112  2372.944
3800.67145633656  2715.271
3803.491959702  3011.925
3806.31246306745  3151.004
3809.13296643289  3203.291
3811.95346979834  3202.795
3814.77397316378  3195.517
3817.59447652923  3253.383
3820.41497989467  3230.605
3823.23548326012  3058.285
3826.05598662556  2882.961
3828.87648999101  2681.039
3831.69699335645  2419.746
3834.5174967219  2304.251
3837.33800008734  2562.147
3840.15850345278  2972.782
3842.97900681823  3256.158
3845.79951018367  3357.169
3848.62001354912  3428.509
3851.44051691456  3469.548
3854.26102028001  3421.578
3857.08152364545  3429.82
3859.9020270109  3531.892
3862.72253037634  3509.397
3865.54303374178  3499.684
3868.36353710723  3575.004
3871.18404047267  3500.625
3874.00454383812  3427.03
3876.82504720356  3372.134
3879.64555056901  3234.912
3882.46605393445  3022.001
3885.2865572999  2687.089
3888.10706066534  2621.677
3890.92756403079  2963.404
3893.74806739623  3317.279
3896.56857076167  3453.02
3899.38907412712  3579.868
3902.20957749256  3625.24
3905.03008085801  3665.29
3907.85058422345  3786.259
3910.6710875889  3806.474
3913.49159095434  3797.922
3916.31209431979  3768.126
3919.13259768523  3723.024
3921.95310105067  3662.614
3924.77360441612  3594.301
3927.59410778156  3304.921
3930.41461114701  2814.295
3933.23511451245  2775.043
3936.0556178779  3345.575
3938.87612124334  3774.752
3941.69662460879  3813.573
3944.51712797423  3822.461
3947.33763133967  3796.144
3950.15813470512  3735.028
3952.97863807056  3721.064
3955.79914143601  3620.737
3958.61964480145  3373.547
3961.4401481669  3095.72
3964.26065153234  2652.183
3967.08115489779  2241.359
3969.90165826323  2571.83
3972.72216162868  3212.962
3975.54266499412  3470.888
3978.36316835956  3636.17
3981.18367172501  3775.687
3984.00417509045  3831.886
3986.8246784559  3892.35
3989.64518182134  3893.91
3992.46568518679  3883.321
3995.28618855223  3893.002
3998.10669191768  3937.512
4000.92719528312  3893.112
4003.74769864857  3895.176
4006.56820201401  3877.121
4009.38870537945  3931.143
4012.2092087449  4032.973
4015.02971211034  4092.596
4017.85021547579  4043.308
4020.67071884123  4022.972
4023.49122220668  4030.45
4026.31172557212  4037.307
4029.13222893756  3986.992
4031.95273230301  4089.417
4034.77323566846  4117.532
4037.5937390339  4084.258
4040.41424239934  4124.089
4043.23474576479  4065.023
4046.05524913023  4116.386
4048.87575249568  4168.012
4051.69625586112  4203.416
4054.51675922657  4152.003
4057.33726259201  4223.196
4060.15776595745  4130.244
4062.9782693229  4136.146
4065.79877268834  4228.482
4068.61927605379  4174.643
4071.43977941923  4117.911
4074.26028278468  4062.9
4077.08078615012  4133.542
4079.90128951557  4105.602
4082.72179288101  4108.782
4085.54229624645  4016.387
4088.3627996119  3935.873
4091.18330297734  3832.041
4094.00380634279  3522.259
4096.82430970823  3166.217
4099.64481307368  3079.651
4102.46531643912  3465.737
4105.28581980457  3912.228
4108.10632317001  4120.628
4110.92682653546  4332.829
4113.7473299009  4251.979
4116.56783326635  4298.858
4119.38833663179  4395.175
4122.20883999724  4359.354
4125.02934336268  4467.564
4127.84984672812  4491.672
4130.67035009357  4510.911
4133.49085345901  4490.013
4136.31135682446  4590.169
4139.1318601899  4587.527
4141.95236355535  4528.517
4144.77286692079  4579.039
4147.59337028623  4638.531
4150.41387365168  4619.792
4153.23437701712  4637.382
4156.05488038257  4658.396
4158.87538374801  4648.951
4161.69588711346  4676.729
4164.5163904789  4735.21
4167.33689384435  4700.146
4170.15739720979  4616.932
4172.97790057524  4691.261
4175.79840394068  4651.307
4178.61890730612  4672.291
4181.43941067157  4721.067
4184.25991403701  4676.761
4187.08041740246  4652.95
4189.9009207679  4676.927
4192.72142413335  4649.779
4195.54192749879  4631.827
4198.36243086424  4545.186
4201.18293422968  4583.793
4204.00343759513  4622.369
4206.82394096057  4630.577
4209.64444432601  4621.728
4212.46494769146  4624.23
4215.2854510569  4565.597
4218.10595442235  4565.588
4220.92645778779  4551.41
4223.74696115324  4505.247
4226.56746451868  4577.729
4229.38796788413  4631.489
4232.20847124957  4623.204
4235.02897461501  4648.928
4237.84947798046  4725.627
4240.6699813459  4677.55
4243.49048471135  4614.739
4246.31098807679  4575.137
4249.13149144224  4586.521
4251.95199480768  4629.571
4254.77249817313  4662.992
4257.59300153857  4717.636
4260.41350490401  4779.24
4263.23400826946  4815.578
4266.0545116349  4758.706
4268.87501500035  4727.729
4271.69551836579  4723.753
4274.51602173124  4746.057
4277.33652509668  4788.903
4280.15702846213  4786.761
4282.97753182757  4825.239
4285.79803519301  4793.138
4288.61853855846  4774.948
4291.4390419239  4738.323
4294.25954528935  4730.133
4297.08004865479  4740.946
4299.90055202024  4765.69
4302.72105538568  4741.181
4305.54155875113  4709.424
4308.36206211657  4763.367
4311.18256548202  4877.542
4314.00306884746  4887.562
4316.82357221291  4874.536
4319.64407557835  4795.374
4322.46457894379  4702.914
4325.28508230924  4650.258
4328.10558567468  4601.266
4330.92608904013  4420.363
4333.74659240557  4085.389
4336.56709577102  3634.788
4339.38759913646  3809.92
4342.20810250191  4371.552
4345.02860586735  4718.003
4347.84910923279  4869.94
4350.66961259824  4884.863
4353.49011596368  4979.996
4356.31061932913  5092.573
4359.13112269457  5151.714
4361.95162606002  5111.825
4364.77212942546  5055.476
4367.59263279091  5125.128
4370.41313615635  5101.532
4373.23363952179  5166.129
4376.05414288724  5125.166
4378.87464625268  5134.915
4381.69514961813  5077.969
4384.51565298357  5221.313
4387.33615634902  5213.976
4390.15665971446  5051.565
4392.97716307991  5099.987
4395.79766644535  5082.979
4398.6181698108  5174.646
4401.43867317624  5194.019
4404.25917654168  5232.44
4407.07967990713  5295.38
4409.90018327257  5310.027
4412.72068663802  5309.252
4415.54119000346  5312.271
4418.36169336891  5398.714
4421.18219673435  5385.761
4424.0027000998  5337.312
4426.82320346524  5410.356
4429.64370683068  5508.474
4432.46421019613  5434.847
4435.28471356157  5437.27
4438.10521692702  5480.952
4440.92572029246  5553.664
4443.74622365791  5481.744
4446.56672702335  5490.75
4449.3872303888  5568.669
4452.20773375424  5473.979
4455.02823711969  5537.191
4457.84874048513  5545.5
4460.66924385057  5484.345
4463.48974721602  5542.625
4466.31025058146  5499.371
4469.13075394691  5552.622
4471.95125731235  5655.634
4474.7717606778  5634.725
4477.59226404324  5609.96
4480.41276740869  5638.87
4483.23327077413  5633.096
4486.05377413957  5638.738
4488.87427750502  5642.635
4491.69478087046  5691.751
4494.51528423591  5696.181
4497.33578760135  5694.27
4500.1562909668  5782.826
4502.97679433224  5801.958
4505.79729769769  5691.813
4508.61780106313  5712.828
4511.43830442858  5762.41
4514.25880779402  5665.456
4517.07931115947  5597.648
4519.89981452491  5625.191
4522.72031789035  5592.215
4525.5408212558  5563.01
4528.36132462124  5556.97
4531.18182798669  5522.572
4534.00233135213  5486.574
4536.82283471758  5522.559
4539.64333808302  5525.33
4542.46384144846  5457.526
4545.28434481391  5520.242
4548.10484817935  5505.872
4550.9253515448  5561.292
4553.74585491024  5593.542
4556.56635827569  5601.996
4559.38686164113  5703.687
4562.20736500658  5640.982
4565.02786837202  5564.6
4567.84837173746  5677.926
4570.66887510291  5652.327
4573.48937846835  5685.028
4576.3098818338  5649.532
4579.13038519924  5593.373
4581.95088856469  5691.093
4584.77139193013  5698.875
4587.59189529558  5650.822
4590.41239866102  5755.711
4593.23290202647  5681.555
4596.05340539191  5645.855
4598.87390875736  5620.948
4601.6944121228  5657.363
4604.51491548824  5675.626
4607.33541885369  5729.504
4610.15592221913  5705.175
4612.97642558458  5734.149
4615.79692895002  5771.027
4618.61743231547  5753.412
4621.43793568091  5709.82
4624.25843904636  5769.6
4627.0789424118  5780.085
4629.89944577724  5873.193
4632.71994914269  5821.966
4635.54045250813  5820.683
4638.36095587358  5824.831
4641.18145923902  5912.479
4644.00196260447  5945.611
4646.82246596991  5969.422
4649.64296933536  5992.062
4652.4634727008  5969.974
4655.28397606625  5942.691
4658.10447943169  5980.077
4660.92498279713  5962.442
4663.74548616258  5999.196
4666.56598952802  6086.085
4669.38649289347  6065.37
4672.20699625891  6104.448
4675.02749962436  6093.993
4677.8480029898  6163.333
4680.66850635525  6135.442
4683.48900972069  6168.357
4686.30951308614  6210.981
4689.13001645158  6236.062
4691.95051981702  6255.602
4694.77102318247  6270.69
4697.59152654791  6316.019
4700.41202991336  6267.767
4703.2325332788  6292.902
4706.05303664425  6362.119
4708.87354000969  6384.453
4711.69404337514  6397.159
4714.51454674058  6481.709
4717.33505010602  6589.094
4720.15555347147  6535.178
4722.97605683691  6584.251
4725.79656020236  6665.679
4728.6170635678  6649.847
4731.43756693325  6712.083
4734.25807029869  6742.688
4737.07857366414  6847.611
4739.89907702958  6826.514
4742.71958039503  6850.519
4745.54008376047  6940.759
4748.36058712591  6975.583
4751.18109049136  6958.37
4754.0015938568  7047.001
4756.82209722225  7025.237
4759.64260058769  7155.794
4762.46310395314  7155.928
4765.28360731858  7124.299
4768.10411068403  7164.494
4770.92461404947  7194.783
4773.74511741491  7280.283
4776.56562078036  7358.461
4779.3861241458  7466.063
4782.20662751125  7418.98
4785.02713087669  7446.407
4787.84763424214  7450.823
4790.66813760758  7498.586
4793.48864097303  7664.443
4796.30914433847  7615.374
4799.12964770392  7548.287
4801.95015106936  7648.876
4804.7706544348  7691.813
4807.59115780025  7755.32
4810.41166116569  7769.26
4813.23216453114  7862.652
4816.05266789658  7961.327
4818.87317126203  7838.014
4821.69367462747  7886.077
4824.51417799292  7964.591
4827.33468135836  8096.922
4830.1551847238  7949.099
4832.97568808925  7972.763
4835.79619145469  7950.687
4838.61669482014  7999.113
4841.43719818558  7892.699
4844.25770155103  7845.08
4847.07820491647  7677.44
4849.89870828192  7448.264
4852.71921164736  7289.12
4855.53971501281  6559.883
4858.36021837825  5855.945
4861.1807217437  6471.398
4864.00122510914  7473.891
4866.82172847458  7907.986
4869.64223184003  8038.829
4872.46273520547  8186.36
4875.28323857092  8269.906
4878.10374193636  8330.722
4880.9242453018  8436.996
4883.74474866725  8513.245
4886.56525203269  8457.625
4889.38575539814  8536.542
4892.20625876358  8732.283
4895.02676212903  8649.783
4897.84726549447  8713.621
4900.66776885992  8697.737
4903.48827222536  8786.888
4906.30877559081  8852.76
4909.12927895625  8765.438
4911.94978232169  8784.386
4914.77028568714  8645.622
4917.59078905258  8624.235
4920.41129241803  8823.541
4923.23179578347  8795.143
4926.05229914892  8842.105
4928.87280251436  8926.038
4931.69330587981  9039.272
4934.51380924525  8966.341
4937.3343126107  9126.072
4940.15481597614  9093.832
4942.97531934158  9039.924
4945.79582270703  9096.095
4948.61632607247  9102.878
4951.43682943792  9203.304
4954.25733280336  9110.553
4957.07783616881  8967.781
4959.89833953425  9115.892
4962.7188428997  9339.904
4965.53934626514  9362.412
4968.35984963058  9290.191
4971.18035299603  9380.331
4974.00085636147  9403.041
4976.82135972692  9413.283
4979.64186309236  9442.854
4982.46236645781  9412.886
4985.28286982325  9553.102
4988.1033731887  9471.195
4990.92387655414  9414.935
4993.74437991959  9471.025
4996.56488328503  9448.157
4999.38538665048  9440.579
5002.20589001592  9661.828
5005.02639338137  9729.216
5007.84689674681  9622.615
5010.66740011225  9716.032
5013.4879034777  9678.45
5016.30840684314  9722.598
5019.12891020859  9841.565
5021.94941357403  9932.658
5024.76991693947  9939.89
5027.59042030492  9960.079
5030.41092367037  9952.646
5033.23142703581  10003.54
5036.05193040125  10003.56
5038.8724337667  9976.796
5041.69293713214  10025.5
5044.51344049759  10145.26
5047.33394386303  10174.41
5050.15444722848  10179.13
5052.97495059392  10077.26
5055.79545395936  10106.58
5058.61595732481  10248.88
5061.43646069025  10355.33
5064.2569640557  10286.24
5067.07746742114  10284.32
5069.89797078659  10418.18
5072.71847415203  10501.28
5075.53897751748  10512.33
5078.35948088292  10463.24
5081.17998424837  10637.83
5084.00048761381  10714.76
5086.82099097926  10721.14
5089.6414943447  10734.81
5092.46199771014  10753.82
5095.28250107559  10735.3
5098.10300444103  10795.82
5100.92350780648  10783.54
5103.74401117192  10728.18
5106.56451453737  10823.8
5109.38501790281  10840.21
5112.20552126826  11022.77
5115.0260246337  10965.45
5117.84652799914  10940.16
5120.66703136459  10987.63
5123.48753473003  11169.28
5126.30803809548  11349.68
5129.12854146092  11103.48
5131.94904482637  11143.25
5134.76954819181  11293.28
5137.59005155726  11331.05
5140.4105549227  11063.37
5143.23105828815  11264.74
5146.05156165359  11371.13
5148.87206501903  11292.68
5151.69256838448  11417.9
5154.51307174992  11381.42
5157.33357511537  11375.51
5160.15407848081  11400.57
5162.97458184626  11308.67
5165.7950852117  11153.25
5168.61558857715  11247.2
5171.43609194259  11424.39
5174.25659530803  11499.63
5177.07709867348  11589.5
5179.89760203892  11354.42
5182.71810540437  11421.66
5185.53860876981  11695.78
5188.35911213526  11716.26
5191.1796155007  11714.7
5194.00011886614  11727.7
5196.82062223159  11832.38
5199.64112559704  11906.35
5202.46162896248  11876.21
5205.28213232792  11895.13
5208.10263569337  12012.06
5210.92313905881  12090.59
5213.74364242426  12118.61
5216.5641457897  12121.22
5219.38464915515  12071.27
5222.20515252059  12041.64
5225.02565588604  12112.08
5227.84615925148  12193.64
5230.66666261692  12181.67
5233.48716598237  12214.76
5236.30766934781  12288.11
5239.12817271326  12373.81
5241.9486760787  12428.88
5244.76917944415  12434.67
5247.58968280959  12480.44
5250.41018617504  12497.82
5253.23068954048  12439.43
5256.05119290592  12622.22
5258.87169627137  12574.88
5261.69219963681  12430.72
5264.51270300226  12375.63
5267.3332063677  12194.56
5270.15370973315  12410.78
5272.97421309859  12599.95
5275.79471646404  12514.54
5278.61521982948  12529.57
5281.43572319493  12690.85
5284.25622656037  12620.93
5287.07672992581  12794.3
5289.89723329126  12874.97
5292.7177366567  12966.97
5295.53824002215  12837.59
5298.35874338759  12798.03
5301.17924675304  12961.27
5303.99975011848  12994.05
5306.82025348393  12985.22
5309.64075684937  13058.64
5312.46126021482  13029.36
5315.28176358026  13105.12
5318.1022669457  13062.58
5320.92277031115  13057.83
5323.74327367659  12980.19
5326.56377704204  12965.57
5329.38428040748  13085.87
5332.20478377293  13133.37
5335.02528713837  13089.31
5337.84579050382  13177.57
5340.66629386926  13177.9
5343.4867972347  13204.89
5346.30730060015  13284.7
5349.1278039656  13379.55
5351.94830733104  13242.1
5354.76881069648  13271.46
5357.58931406193  13426.78
5360.40981742737  13413.23
5363.23032079282  13348.95
5366.05082415826  13163.06
5368.8713275237  13224.65
5371.69183088915  13382.15
5374.5123342546  13454.82
5377.33283762004  13571.87
5380.15334098548  13631.91
5382.97384435093  13531.31
5385.79434771637  13523.7
5388.61485108182  13581.02
5391.43535444726  13475.79
5394.25585781271  13414.38
5397.07636117815  13518.08
5399.89686454359  13417.79
5402.71736790904  13466.32
5405.53787127448  13541.82
5408.35837463993  13550.62
5411.17887800537  13584.22
5413.99938137082  13683.92
5416.81988473626  13726.89
5419.64038810171  13731.01
5422.46089146715  13696.95
5425.28139483259  13794.29
5428.10189819804  13688.43
5430.92240156349  13548.04
5433.74290492893  13681.22
5436.56340829437  14003.43
5439.38391165982  13923.28
5442.20441502526  13862.47
5445.02491839071  13955.33
5447.84542175615  13944.02
5450.6659251216  13989.87
5453.48642848704  13993.12
5456.30693185248  14096.61
5459.12743521793  14025.06
5461.94793858337  13944.44
5464.76844194882  14065.4
5467.58894531426  13971.79
5470.40944867971  14078.81
5473.22995204515  14146.77
5476.0504554106  14047.32
5478.87095877604  14088.05
5481.69146214149  14273.58
5484.51196550693  14302.84
5487.33246887237  14267.66
5490.15297223782  14268.7
5492.97347560326  14134.76
5495.79397896871  14152.91
5498.61448233415  14329.96
5501.4349856996  14307.92
5504.25548906504  14339.88
5507.07599243049  14295.22
5509.89649579593  14239.5
5512.71699916138  14390.72
5515.53750252682  14435.68
5518.35800589226  14470.58
5521.17850925771  14355.81
5523.99901262315  14222.31
5526.8195159886  14293.33
5529.64001935404  14500.38
5532.46052271949  14471.02
5535.28102608493  14479.03
5538.10152945038  14563.61
5540.92203281582  14358.42
5543.74253618126  14308.88
5546.56303954671  14412.48
5549.38354291215  14533.66
5552.2040462776  14583.88
5555.02454964304  14475.67
5557.84505300849  14633.07
5560.66555637393  14499.52
5563.48605973938  14560.99
5566.30656310482  14568.25
5569.12706647026  14569.52
5571.94756983571  14367.27
5574.76807320115  14436.01
5577.5885765666  14522.85
5580.40907993204  14439.44
5583.22958329749  14392.39
5586.05008666293  14521.8
5588.87059002838  14506.29
5591.69109339382  14578.93
5594.51159675926  14491.46
5597.33210012471  14552.95
5600.15260349015  14716.94
5602.9731068556  14701.25
5605.79361022104  14661.31
5608.61411358649  14629.13
5611.43461695193  14557.47
5614.25512031738  14734.69
5617.07562368282  14613.3
5619.89612704827  14478.48
5622.71663041371  14665.38
5625.53713377916  14700.55
5628.3576371446  14601.44
5631.17814051004  14795.55
5633.99864387549  14664.68
5636.81914724093  14614.6
5639.63965060638  14678.75
5642.46015397182  14610.58
5645.28065733727  14517.91
5648.10116070271  14515.35
5650.92166406816  14726.91
5653.7421674336  14760.97
5656.56267079904  14520.44
5659.38317416449  14503.39
5662.20367752993  14562.41
5665.02418089538  14734.01
5667.84468426082  14752.45
5670.66518762627  14697.39
5673.48569099171  14640.08
5676.30619435715  14531.32
5679.1266977226  14586.18
5681.94720108805  14697.71
5684.76770445349  14617.81
5687.58820781893  14531.04
5690.40871118438  14532.94
5693.22921454982  14547.05
5696.04971791527  14458.49
5698.87022128071  14536.5
5701.69072464616  14716.08
5704.5112280116  14672.89
5707.33173137705  14741.07
5710.15223474249  14740.11
5712.97273810793  14547.09
5715.79324147338  14568.33
5718.61374483883  14767.27
5721.43424820427  14627.11
5724.25475156971  14506.82
5727.07525493516  14565.48
5729.8957583006  14528.17
5732.71626166605  14589.63
5735.53676503149  14679.28
5738.35726839693  14730.56
5741.17777176238  14595.34
5743.99827512782  14457.12
5746.81877849327  14432.12
5749.63928185871  14555.82
5752.45978522416  14580.74
5755.2802885896  14626.64
5758.10079195505  14567.67
5760.92129532049  14482.97
5763.74179868594  14605.52
5766.56230205138  14584.35
5769.38280541682  14382.24
5772.20330878227  14554.29
5775.02381214771  14608.23
5777.84431551316  14366.91
5780.6648188786  14227.5
5783.48532224405  14549.07
5786.30582560949  14456.86
5789.12632897494  14586.84
5791.94683234038  14579.75
5794.76733570583  14526.12
5797.58783907127  14488.5
5800.40834243672  14419.98
5803.22884580216  14463.11
5806.0493491676  14567.16
5808.86985253305  14591.32
5811.69035589849  14453.97
5814.51085926394  14373.15
5817.33136262938  14332.93
5820.15186599483  14408.1
5822.97236936027  14525.75
5825.79287272572  14555.63
5828.61337609116  14648.05
5831.4338794566  14540.
5834.25438282205  14541.31
5837.07488618749  14631.7
5839.89538955294  14554.41
5842.71589291838  14396.23
5845.53639628383  14537.04
5848.35689964927  14492.46
5851.17740301472  14413.89
5853.99790638016  14421.49
5856.81840974561  14380.65
5859.63891311105  14626.
5862.45941647649  14750.4
5865.27991984194  14578.8
5868.10042320738  14448.37
5870.92092657283  14500.13
5873.74142993827  14357.06
5876.56193330372  14449.94
5879.38243666916  14443.54
5882.2029400346  14475.31
5885.02344340005  14306.79
5887.84394676549  13690.15
5890.66445013094  13574.62
5893.48495349638  13814.58
5896.30545686183  13845.51
5899.12596022727  14086.05
5901.94646359272  14222.81
5904.76696695816  14141.77
5907.5874703236  14319.65
5910.40797368905  14380.95
5913.22847705449  14326.43
5916.04898041994  14411.52
5918.86948378538  14297.48
5921.68998715083  14297.95
5924.51049051627  14196.87
5927.33099388172  14359.09
5930.15149724716  14316.14
5932.97200061261  14486.25
5935.79250397805  14393.37
5938.6130073435  14327.5
5941.43351070894  14258.55
5944.25401407438  14237.28
5947.07451743983  14209.79
5949.89502080527  14196.73
5952.71552417072  14366.76
5955.53602753616  14312.03
5958.35653090161  14325.31
5961.17703426705  14238.57
5963.9975376325  14252.92
5966.81804099794  14333.21
5969.63854436339  14293.55
5972.45904772883  14230.65
5975.27955109427  14343.46
5978.10005445972  14323.78
5980.92055782516  14170.52
5983.74106119061  14182.74
5986.56156455605  14192.81
5989.3820679215  14343.24
5992.20257128694  14424.98
5995.02307465239  14410.42
5997.84357801783  14258.29
6000.66408138327  14179.25
6003.48458474872  14306.17
6006.30508811416  14319.01
6009.12559147961  14275.97
6011.94609484505  14395.51
6014.7665982105  14275.76
6017.58710157594  14216.17
6020.40760494139  14282.18
6023.22810830683  14283.14
6026.04861167228  14311.58
6028.86911503772  14340.13
6031.68961840316  14257.17
6034.51012176861  14291.51
6037.33062513405  14319.22
6040.1511284995  14397.48
6042.97163186494  14493.45
6045.79213523039  14363.39
6048.61263859583  14346.1
6051.43314196128  14257.21
6054.25364532672  14203.4
6057.07414869216  14322.66
6059.89465205761  14344.55
6062.71515542306  14361.16
6065.5356587885  14309.72
6068.35616215394  14290.98
6071.17666551939  14310.97
6073.99716888483  14148.42
6076.81767225028  14100.1
6079.63817561572  14307.98
6082.45867898116  14391.62
6085.27918234661  14241.42
6088.09968571205  14352.02
6090.9201890775  14467.26
6093.74069244294  14210.89
6096.56119580839  14243.73
6099.38169917383  14311.93
6102.20220253928  14330.19
6105.02270590472  14348.58
6107.84320927017  14420.47
6110.66371263561  14333.58
6113.48421600105  14236.65
6116.3047193665  14350.58
6119.12522273194  14372.69
6121.94572609739  14495.23
6124.76622946283  14506.33
6127.58673282828  14369.04
6130.40723619372  14414.95
6133.22773955917  14395.79
6136.04824292461  14361.13
6138.86874629005  14204.28
6141.6892496555  14235.61
6144.50975302094  14202.95
6147.33025638639  14204.26
6150.15075975183  14390.47
6152.97126311728  14306.21
6155.79176648272  14217.2
6158.61226984817  14278.7
6161.43277321361  14240.51
6164.25327657906  14258.02
6167.0737799445  14303.45
6169.89428330994  14282.77
6172.71478667539  14230.03
6175.53529004083  14302.39
6178.35579340628  14320.47
6181.17629677172  14251.09
6183.99680013717  14254.24
6186.81730350261  14210.82
6189.63780686806  14158.75
6192.4583102335  14258.52
6195.27881359895  14317.78
6198.09931696439  14311.19
6200.91982032983  14278.83
6203.74032369528  14208.36
6206.56082706072  14185.08
6209.38133042617  14234.64
6212.20183379161  14370.31
6215.02233715706  14210.05
6217.8428405225  14263.6
6220.66334388795  14172.63
6223.48384725339  14284.33
6226.30435061883  14231.29
6229.12485398428  14273.15
6231.94535734972  14200.39
6234.76586071517  14285.46
6237.58636408061  14177.96
6240.40686744606  14226.75
6243.2273708115  14323.94
6246.04787417695  14202.84
6248.86837754239  14170.89
6251.68888090783  14250.86
6254.50938427328  14275.39
6257.32988763872  14228.2
6260.15039100417  14265.87
6262.97089436961  14429.46
6265.79139773506  14251.7
6268.6119011005  13993.66
6271.43240446595  13969.47
6274.25290783139  13860.92
6277.07341119684  13587.06
6279.89391456228  13272.27
6282.71441792772  13374.4
6285.53492129317  13692.86
6288.35542465861  13764.78
6291.17592802406  13980.91
6293.9964313895  13941.62
6296.81693475495  13833.84
6299.63743812039  13920.89
6302.45794148584  14080.68
6305.27844485128  13939.35
6308.09894821672  13930.16
6310.91945158217  14009.64
6313.73995494762  14069.23
6316.56045831306  14263.04
6319.3809616785  14190.04
6322.20146504395  14050.14
6325.02196840939  14130.86
6327.84247177484  14187.07
6330.66297514028  14192.8
6333.48347850573  14305.82
6336.30398187117  14294.4
6339.12448523662  14258.04
6341.94498860206  14225.92
6344.7654919675  14198.06
6347.58599533295  14200.22
6350.40649869839  14254.65
6353.22700206384  14240.52
6356.04750542928  14271.93
6358.86800879473  14244.24
6361.68851216017  14086.14
6364.50901552561  14128.25
6367.32951889106  14346.67
6370.15002225651  14207.52
6372.97052562195  14094.76
6375.79102898739  14232.68
6378.61153235284  14251.05
6381.43203571828  14318.13
6384.25253908373  14434.86
6387.07304244917  14417.21
6389.89354581461  14281.88
6392.71404918006  14269.44
6395.5345525455  14260.69
6398.35505591095  14224.51
6401.17555927639  14450.87
6403.99606264184  14402.77
6406.81656600728  14339.42
6409.63706937273  14249.44
6412.45757273817  14188.91
6415.27807610362  14163.6
6418.09857946906  14182.91
6420.9190828345  14288.81
6423.73958619995  14276.89
6426.56008956539  14169.15
6429.38059293084  14177.46
6432.20109629628  14241.63
6435.02159966173  14261.76
6437.84210302717  14249.34
6440.66260639262  14361.75
6443.48310975806  14237.56
6446.30361312351  14356.
6449.12411648895  14376.67
6451.94461985439  14299.57
6454.76512321984  14251.78
6457.58562658528  14194.81
6460.40612995073  14138.74
6463.22663331617  14211.27
6466.04713668162  14300.64
6468.86764004706  14314.44
6471.68814341251  14234.72
6474.50864677795  14132.32
6477.32915014339  14233.63
6480.14965350884  14308.41
6482.97015687428  14233.27
6485.79066023973  14233.66
6488.61116360517  14133.34
6491.43166697062  14164.5
6494.25217033606  14258.5
6497.07267370151  14264.9
6499.89317706695  14297.75
6502.7136804324  14331.32
6505.53418379784  14294.21
6508.35468716329  14408.33
6511.17519052873  14268.27
6513.99569389417  14175.36
6516.81619725962  14052.24
6519.63670062506  14195.43
6522.45720399051  14315.57
6525.27770735595  14379.29
6528.0982107214  14314.29
6530.91871408684  14319.45
6533.73921745228  14242.42
6536.55972081773  14140.28
6539.38022418317  14048.54
6542.20072754862  14164.83
6545.02123091406  13970.98
6547.84173427951  13800.49
6550.66223764495  13448.78
6553.4827410104  12857.33
6556.30324437584  11772.25
6559.12374774128  9830.451
6561.94425110673  9938.602
6564.76475447218  12265.7
6567.58525783762  13200.79
6570.40576120306  13521.89
6573.22626456851  13913.93
6576.04676793395  13891.46
6578.8672712994  13960.09
6581.68777466484  14145.04
6584.50827803029  14288.29
6587.32878139573  14167.82
6590.14928476118  14091.7
6592.96978812662  14196.47
6595.79029149207  14358.01
6598.61079485751  14453.83
6601.43129822295  14350.26
6604.2518015884  14337.62
6607.07230495384  14430.24
6609.89280831929  14464.36
6612.71331168473  14384.38
6615.53381505018  14396.88
6618.35431841562  14569.11
6621.17482178107  14601.1
6623.99532514651  14541.43
6626.81582851195  14405.6
6629.6363318774  14336.27
6632.45683524284  14352.53
6635.27733860829  14422.7
6638.09784197373  14423.1
6640.91834533918  14402.08
6643.73884870462  14461.6
6646.55935207007  14396.9
6649.37985543551  14414.96
6652.20035880095  14482.82
6655.0208621664  14424.53
6657.84136553184  14582.4
6660.66186889729  14428.12
6663.48237226273  14352.78
6666.30287562818  14461.4
6669.12337899362  14367.88
6671.94388235907  14431.91
6674.76438572451  14582.66
6677.58488908995  14389.38
6680.4053924554  14405.69
6683.22589582085  14458.37
6686.04639918629  14442.97
6688.86690255173  14458.89
6691.68740591718  14571.57
6694.50790928262  14542.87
6697.32841264807  14301.73
6700.14891601351  14386.6
6702.96941937896  14290.36
6705.7899227444  14260.27
6708.61042610984  14529.05
6711.43092947529  14422.81
6714.25143284073  14407.91
6717.07193620618  14394.29
6719.89243957162  14412.6
6722.71294293707  14401.57
6725.53344630251  14440.69
6728.35394966796  14397.41
6731.1744530334  14214.29
6733.99495639884  14325.42
6736.81545976429  14294.87
6739.63596312973  14379.34
6742.45646649518  14360.76
6745.27696986062  14254.75
6748.09747322607  14427.84
6750.91797659151  14324.33
6753.73847995696  14306.38
6756.5589833224  14298.55
6759.37948668785  14220.77
6762.19999005329  14280.11
6765.02049341873  14246.02
6767.84099678418  14219.06
6770.66150014962  14344.37
6773.48200351507  14314.01
6776.30250688051  14311.44
6779.12301024596  14298.64
6781.9435136114  14267.42
6784.76401697685  14313.15
6787.58452034229  14167.39
6790.40502370774  14204.55
6793.22552707318  14166.47
6796.04603043862  14068.56
6798.86653380407  14154.15
6801.68703716951  14249.04
6804.50754053496  14231.54
6807.3280439004  14040.04
6810.14854726585  14159.66
6812.96905063129  14078.49
6815.78955399674  14166.86
6818.61005736218  14280.45
6821.43056072763  14181.97
6824.25106409307  14189.91
6827.07156745851  14271.31
6829.89207082396  14144.75
6832.7125741894  14100.9
6835.53307755485  14022.85
6838.35358092029  14166.49
6841.17408428574  14079.4
6843.99458765118  14219.11
6846.81509101663  13941.51
6849.63559438207  13935.58
6852.45609774752  13856.08
6855.27660111296  13755.99
6858.0971044784  14116.85
6860.91760784385  14046.93
6863.73811120929  13739.97
6866.55861457474  12374.37
6869.37911794018  10392.72
6872.19962130563  10284.48
6875.02012467107  11106.99
6877.84062803651  11884.56
6880.66113140196  12817.83
6883.4816347674  13152.09
6886.30213813285  12462.8
6889.12264149829  12440.38
6891.94314486374  12490.69
6894.76364822918  12274.14
6897.58415159463  12557.17
6900.40465496007  12583.31
6903.22515832551  12684.86
6906.04566169096  12898.15
6908.86616505641  12959.74
6911.68666842185  13026.23
6914.50717178729  13169.87
6917.32767515274  13237.47
6920.14817851818  13383.75
6922.96868188363  13502.82
6925.78918524907  13351.58
6928.60968861451  13414.49
6931.43019197996  13454.14
6934.25069534541  13543.24
6937.07119871085  13335.01
6939.89170207629  13447.12
6942.71220544174  13462.84
6945.53270880718  13344.18
6948.35321217263  13434.48
6951.17371553807  13418.39
6953.99421890351  13385.01
6956.81472226896  13380.07
6959.63522563441  13378.39
6962.45572899985  13437.4
6965.27623236529  13485.32
6968.09673573074  13493.
6970.91723909618  13561.9
6973.73774246163  13509.8
6976.55824582707  13467.66
6979.37874919252  13520.04
6982.19925255796  13438.24
6985.01975592341  13322.06
6987.84025928885  13282.91
6990.6607626543  13291.53
6993.48126601974  13365.38
6996.30176938518  13300.1
6999.12227275063  13204.04
7001.94277611607  13263.5
7004.76327948152  13344.5
7007.58378284696  13296.1
7010.40428621241  13320.89
7013.22478957785  13282.81
7016.04529294329  13166.24
7018.86579630874  13188.77
7021.68629967418  13228.67
7024.50680303963  13177.87
7027.32730640508  13034.74
7030.14780977052  13055.31
7032.96831313596  13139.51
7035.78881650141  13276.09
7038.60931986685  13181.42
7041.4298232323  13034.38
7044.25032659774  12938.55
7047.07082996319  12953.71
7049.89133332863  13091.11
7052.71183669407  13019.48
7055.53234005952  13004.16
7058.35284342496  12999.39
7061.17334679041  12957.71
7063.99385015585  13009.82
7066.8143535213  12882.44
7069.63485688674  12927.29
7072.45536025219  13026.18
7075.27586361763  12903.38
7078.09636698308  12838.16
7080.91687034852  12833.57
7083.73737371396  12816.11
7086.55787707941  12919.68
7089.37838044485  12897.99
7092.1988838103  12769.84
7095.01938717574  12893.23
7097.83989054119  12867.59
7100.66039390663  12822.59
7103.48089727208  12829.92
7106.30140063752  12744.6
7109.12190400296  12689.05
7111.94240736841  12746.16
7114.76291073385  12745.65
7117.5834140993  12709.29
7120.40391746474  12723.44
7123.22442083019  12641.68
7126.04492419563  12643.83
7128.86542756108  12614.82
7131.68593092652  12631.71
7134.50643429196  12637.6
7137.32693765741  12507.02
7140.14744102285  12432.65
7142.9679443883  12332.94
7145.78844775374  12393.36
7148.60895111919  12513.11
7151.42945448463  12495.91
7154.24995785008  12379.24
7157.07046121552  12372.33
7159.89096458097  12403.21
7162.71146794641  12286.41
7165.53197131185  12109.7
7168.3524746773  11991.7
7171.17297804274  11946.14
7173.99348140819  11791.45
7176.81398477363  11743.28
7179.63448813908  11709.76
7182.45499150452  11576.27
7185.27549486997  11245.18
7188.09599823541  11252.15
7190.91650160085  11416.22
7193.7370049663  11433.87
7196.55750833174  11528.99
7199.37801169719  11426.6
7202.19851506263  11361.41
7205.01901842808  11406.36
7207.83952179352  11542.35
7210.66002515897  11842.28
7213.48052852441  11983.55
7216.30103188985  11917.63
7219.1215352553  11865.11
7221.94203862074  11904.45
7224.76254198619  11802.94
7227.58304535163  11761.36
7230.40354871708  11578.
7233.22405208252  11213.51
7236.04455544797  11345.75
7238.86505881341  11427.56
7241.68556217886  11250.15
7244.5060655443  11225.92
7247.32656890974  11483.27
7250.14707227519  11409.28
7252.96757564063  11182.42
7255.78807900608  11386.65
7258.60858237152  11465.8
7261.42908573697  11310.98
7264.24958910241  11203.17
7267.07009246786  11296.94
7269.8905958333  11342.57
7272.71109919874  11173.05
7275.53160256419  10958.21
7278.35210592964  11128.54
7281.17260929508  11344.94
7283.99311266052  11319.51
7286.81361602597  11197.45
7289.63411939141  11003.5
7292.45462275686  11021.18
7295.2751261223  11126.38
7298.09562948775  11222.33
7300.91613285319  11119.12
7303.73663621864  10963.5
7306.55713958408  11075.46
7309.37764294952  11186.32
7312.19814631497  11216.42
7315.01864968041  11102.12
7317.83915304586  10977.27
7320.6596564113  10996.37
7323.48015977675  11065.84
7326.30066314219  11141.81
7329.12116650764  11124.92
7331.94166987308  11063.74
7334.76217323852  10939.21
7337.58267660397  11041.33
7340.40317996941  11135.81
7343.22368333486  11022.81
7346.0441867003  10877.92
7348.86469006575  10824.62
7351.68519343119  10952.8
7354.50569679664  10874.82
7357.32620016208  10876.
7360.14670352752  10899.12
7362.96720689297  10867.38
7365.78771025841  10841.94
7368.60821362386  10743.68
7371.4287169893  10745.88
7374.24922035475  10751.52
7377.06972372019  10780.93
7379.89022708564  10810.16
7382.71073045108  10717.05
7385.53123381652  10723.25
7388.35173718197  10794.22
7391.17224054742  10713.81
7393.99274391286  10728.7
7396.8132472783  10759.62
7399.63375064375  10673.6
7402.45425400919  10672.98
7405.27475737464  10697.57
7408.09526074008  10565.79
7410.91576410553  10561.16
7413.73626747097  10519.18
7416.55677083641  10439.41
7419.37727420186  10495.36
7422.1977775673  10470.8
7425.01828093275  10432.77
7427.83878429819  10538.02
7430.65928766364  10444.28
7433.47979102908  10268.75
7436.30029439453  10340.47
7439.12079775997  10377.71
7441.94130112541  10319.01
7444.76180449086  10233.15
7447.5823078563  10337.34
7450.40281122175  10317.53
7453.22331458719  10325.43
7456.04381795264  10298.38
7458.86432131808  10245.57
7461.68482468353  10174.64
7464.50532804897  10157.39
7467.32583141442  10269.45
7470.14633477986  10241.99
7472.96683814531  9971.4
7475.78734151075  10068.56
7478.60784487619  10128.45
7481.42834824164  10075.62
7484.24885160708  9996.354
7487.06935497253  9920.69
7489.88985833797  9967.704
7492.71036170341  9965.435
7495.53086506886  9914.773
7498.35136843431  9963.092
7501.17187179975  9938.695
7503.9923751652  9952.029
7506.81287853064  9890.228
7509.63338189608  9996.815
7512.45388526153  9851.31
7515.27438862697  9730.056
7518.09489199242  9587.995
7520.91539535786  9715.438
7523.73589872331  9682.245
7526.55640208875  9615.676
7529.3769054542  9518.623
7532.19740881964  9631.816
7535.01791218508  9662.353
7537.83841555053  9614.557
7540.65891891597  9508.539
7543.47942228142  9582.095
7546.29992564686  9554.56
7549.12042901231  9440.882
7551.94093237775  9451.951
7554.7614357432  9357.084
7557.58193910864  9513.661
7560.40244247408  9387.324
7563.22294583953  9384.187
7566.04344920497  9324.863
7568.86395257042  9299.924
7571.68445593586  9175.462
7574.50495930131  9202.52
7577.32546266675  9301.925
7580.1459660322  9187.783
7582.96646939764  9139.79
7585.78697276309  9176.352
7588.60747612853  9051.012
7591.42797949397  8484.099
7594.24848285942  6760.425
7597.06898622486  4867.291
7599.88948959031  3607.418
7602.70999295575  3014.679
7605.5304963212  2731.043
7608.35099968664  3007.433
7611.17150305209  3680.265
7613.99200641753  4857.667
7616.81250978297  6365.238
7619.63301314842  6832.648
7622.45351651386  6035.503
7625.27401987931  5200.956
7628.09452324475  4984.854
7630.9150266102  4919.338
7633.73552997564  5048.684
7636.55603334109  5190.41
7639.37653670653  5310.738
7642.19704007197  5647.909
7645.01754343742  5933.16
7647.83804680287  6184.769
7650.65855016831  6502.45
7653.47905353375  6684.207
7656.2995568992  7072.561
7659.12006026464  7138.619
7661.94056363009  7280.933
7664.76106699553  7424.627
7667.58157036098  7594.733
7670.40207372642  7737.56
7673.22257709187  7829.258
7676.04308045731  7830.236
7678.86358382275  7901.
7681.6840871882  7970.683
7684.50459055364  8033.361
7687.32509391909  8016.797
7690.14559728453  7975.538
7692.96610064998  7972.588
7695.78660401542  7926.195
7698.60710738086  7955.807
7701.42761074631  8000.93
7704.24811411175  8039.848
7707.0686174772  8063.712
7709.88912084264  8005.522
7712.70962420809  8002.395
7715.53012757353  7980.417
7718.35063093898  7928.311
7721.17113430442  7928.866
7723.99163766987  7944.571
7726.81214103531  7913.775
7729.63264440076  7920.41
7732.4531477662  7963.167
7735.27365113165  7905.582
7738.09415449709  7916.892
7740.91465786253  7904.674
7743.73516122798  7860.973
7746.55566459342  7875.847
7749.37616795887  7783.447
7752.19667132431  7792.21
7755.01717468976  7856.398
7757.8376780552  7808.226
7760.65818142064  7790.479
7763.47868478609  7809.145
7766.29918815153  7810.76
7769.11969151698  7796.053
7771.94019488242  7759.307
7774.76069824787  7803.331
7777.58120161331  7785.854
7780.40170497876  7710.972
7783.2222083442  7692.692
7786.04271170965  7679.488
7788.86321507509  7712.066
7791.68371844053  7747.333
7794.50422180598  7665.937
7797.32472517142  7662.827
7800.14522853687  7631.314
7802.96573190231  7702.095
7805.78623526776  7708.963
7808.6067386332  7636.51
7811.42724199865  7598.83
7814.24774536409  7583.462
7817.06824872954  7593.044
7819.88875209498  7460.578
7822.70925546042  7367.156
7825.52975882587  7432.55
7828.35026219131  7488.758
7831.17076555676  7417.249
7833.9912689222  7392.827
7836.81177228764  7324.491
7839.63227565309  7276.995
7842.45277901854  7316.19
7845.27328238398  7293.417
7848.09378574942  7306.381
7850.91428911487  7322.459
7853.73479248031  7209.605
7856.55529584576  7244.151
7859.3757992112  7132.426
7862.19630257665  7147.106
7865.01680594209  7200.341
7867.83730930754  7154.292
7870.65781267298  7112.271
7873.47831603843  7074.008
7876.29881940387  7111.208
7879.11932276931  7037.985
7881.93982613476  7128.892
7884.7603295002  7076.206
7887.58083286565  6966.11
7890.40133623109  6898.783
7893.22183959654  6879.707
7896.04234296198  6832.449
7898.86284632743  6816.653
7901.68334969287  6857.178
7904.50385305831  6741.71
7907.32435642376  6669.578
7910.1448597892  6711.771
7912.96536315465  6653.093
7915.78586652009  6641.371
7918.60636988554  6691.942
7921.42687325098  6662.573
7924.24737661643  6656.823
7927.06787998187  6598.149
7929.88838334731  6483.042
7932.70888671276  6492.282
7935.5293900782  6556.892
7938.34989344365  6544.177
7941.17039680909  6453.541
7943.99090017454  6436.25
7946.81140353998  6466.849
7949.63190690543  6457.972
7952.45241027087  6513.511
7955.27291363631  6549.471
7958.09341700176  6332.643
7960.9139203672  6273.894
7963.73442373265  6205.664
7966.55492709809  6275.766
7969.37543046354  6311.939
7972.19593382898  6383.294
7975.01643719443  6211.092
7977.83694055987  6233.529
7980.65744392532  6236.34
7983.47794729076  6252.044
7986.2984506562  6204.552
7989.11895402165  6158.464
7991.9394573871  6147.389
7994.75996075254  6145.653
7997.58046411798  6024.176
8000.40096748343  5959.287
8003.22147084887  6015.156
8006.04197421432  5992.86
8008.86247757976  5954.687
8011.6829809452  5957.093
8014.50348431065  5951.841
8017.3239876761  5877.754
8020.14449104154  5846.59
8022.96499440698  5853.325
8025.78549777243  5857.185
8028.60600113787  5848.259
8031.42650450332  5845.099
8034.24700786876  5817.996
8037.06751123421  5782.96
8039.88801459965  5752.504
8042.7085179651  5692.254
8045.52902133054  5684.313
8048.34952469598  5693.997
8051.17002806143  5718.042
8053.99053142687  5680.118
8056.81103479232  5623.237
8059.63153815776  5605.884
8062.45204152321  5598.823
8065.27254488865  5566.941
8068.0930482541  5485.045
8070.91355161954  5502.911
8073.73405498498  5516.886
8076.55455835043  5505.588
8079.37506171587  5529.692
8082.19556508132  5476.601
8085.01606844676  5454.047
8087.83657181221  5351.264
8090.65707517765  5317.132
8093.4775785431  5394.733
8096.29808190854  5336.566
8099.11858527398  5258.167
8101.93908863943  5199.349
8104.75959200487  5213.266
8107.58009537032  5254.833
8110.40059873576  5232.771
8113.22110210121  5146.074
8116.04160546665  5148.87
8118.8621088321  5200.811
8121.68261219754  5177.037
8124.50311556299  5047.146
8127.32361892843  5031.976
8130.14412229387  5085.428
8132.96462565932  5022.432
8135.78512902476  4978.745
8138.60563239021  4967.047
8141.42613575565  4963.783
8144.2466391211  4915.283
8147.06714248654  4820.24
8149.88764585199  4754.742
8152.70814921743  4741.295
8155.52865258287  4763.076
8158.34915594832  4728.761
8161.16965931376  4649.216
8163.99016267921  4552.384
8166.81066604465  4507.404
8169.6311694101  4542.757
8172.45167277554  4590.515
8175.27217614099  4567.112
8178.09267950643  4478.563
8180.91318287187  4468.704
8183.73368623732  4627.928
8186.55418960276  4632.683
8189.37469296821  4544.726
8192.19519633365  4513.343
8195.0156996991  4483.814
8197.83620306454  4541.343
8200.65670642999  4537.275
8203.47720979543  4555.225
8206.29771316088  4577.291
8209.11821652632  4578.965
8211.93871989177  4568.13
8214.75922325721  4511.864
8217.57972662266  4470.354
8220.4002299881  4478.528
8223.22073335354  4440.303
8226.04123671899  4262.983
8228.86174008443  4011.577
8231.68224344988  4025.593
8234.50274681532  4190.736
8237.32325018077  4300.154
8240.14375354621  4364.755
8242.96425691166  4402.861
8245.7847602771  4350.165
8248.60526364254  4456.223
8251.42576700799  4416.856
8254.24627037343  4332.185
8257.06677373888  4276.75
8259.88727710432  4272.335
8262.70778046977  4288.871
8265.52828383521  4314.805
8268.34878720065  4272.043
8271.1692905661  4204.309
8273.98979393155  4149.734
8276.81029729699  4064.854
8279.63080066243  4081.669
8282.45130402788  4137.867
8285.27180739332  4127.219
8288.09231075877  4075.512
8290.91281412421  4045.131
8293.73331748966  4018.169
8296.5538208551  4008.071
8299.37432422054  4036.984
8302.19482758599  4048.399
8305.01533095143  4033.549
8307.83583431688  4021.11
8310.65633768232  4014.505
8313.47684104777  3978.339
8316.29734441321  3949.158
8319.11784777866  3895.887
8321.9383511441  3861.133
8324.75885450954  3948.336
8327.57935787499  3957.763
8330.39986124043  3899.655
8333.22036460588  3896.688
8336.04086797132  3847.638
8338.86137133677  3851.266
8341.68187470221  3872.617
8344.50237806766  3948.83
8347.3228814331  3931.245
8350.14338479855  3863.95
8352.96388816399  3865.639
8355.78439152943  3887.383
8358.60489489488  3851.528
8361.42539826032  3790.432
8364.24590162577  3762.678
8367.06640499121  3751.165
8369.88690835666  3801.41
8372.7074117221  3818.815
8375.52791508755  3784.059
8378.34841845299  3809.222
8381.16892181843  3716.917
8383.98942518388  3697.757
8386.80992854932  3721.034
8389.63043191477  3671.822
8392.45093528021  3664.638
8395.27143864566  3707.678
8398.0919420111  3723.454
8400.91244537655  3675.298
8403.73294874199  3652.386
8406.55345210744  3631.899
8409.37395547288  3617.343
8412.19445883833  3592.074
8415.01496220377  3584.03
8417.83546556921  3626.933
8420.65596893466  3644.598
8423.4764723001  3598.611
8426.29697566555  3602.996
8429.11747903099  3564.261
8431.93798239644  3571.72
8434.75848576188  3532.467
8437.57898912733  3448.275
8440.39949249277  3482.044
8443.21999585821  3500.247
8446.04049922366  3501.463
8448.8610025891  3432.756
8451.68150595455  3461.897
8454.50200931999  3428.876
8457.32251268544  3383.091
8460.14301605088  3422.216
8462.96351941633  3355.707
8465.78402278177  3367.114
8468.60452614722  3414.438
8471.42502951266  3396.383
8474.2455328781  3319.368
8477.06603624355  3329.41
8479.88653960899  3357.037
8482.70704297444  3336.208
8485.52754633988  3358.059
8488.34804970533  3320.877
8491.16855307077  3246.975
8493.98905643622  3159.116
8496.80955980166  3106.964
8499.6300631671  3167.175
8502.45056653255  3199.282
8505.27106989799  3171.747
8508.09157326344  3180.489
8510.91207662888  3214.102
8513.73257999433  3163.439
8516.55308335977  3173.099
8519.37358672522  3158.659
8522.19409009066  3153.911
8525.0145934561  3119.011
8527.83509682155  3106.163
8530.65560018699  3085.004
8533.47610355244  3020.125
8536.29660691788  2935.055
8539.11711028333  2809.075
8541.93761364877  2819.194
8544.75811701422  2987.352
8547.57862037966  3028.37
8550.39912374511  3015.49
8553.21962711055  3010.181
8556.040130476  2974.767
8558.86063384144  2971.588
8561.68113720688  3009.258
8564.50164057233  2981.854
8567.32214393777  2932.95
8570.14264730322  2947.643
8572.96315066866  2909.961
8575.78365403411  2857.564
8578.60415739955  2872.532
8581.424660765  2889.177
8584.24516413044  2859.697
8587.06566749588  2812.986
8589.88617086133  2884.282
8592.70667422677  2834.986
8595.52717759222  2795.708
8598.34768095766  2782.581
8601.16818432311  2763.117
8603.98868768855  2791.881
8606.80919105399  2784.283
8609.62969441944  2761.965
8612.45019778488  2746.291
8615.27070115033  2745.198
8618.09120451577  2712.083
8620.91170788122  2750.4
8623.73221124666  2709.373
8626.55271461211  2695.481
8629.37321797755  2709.916
8632.193721343  2704.723
8635.01422470844  2673.117
8637.83472807389  2672.692
8640.65523143933  2710.631
8643.47573480477  2670.372
8646.29623817022  2614.566
8649.11674153566  2601.936
8651.93724490111  2586.816
8654.75774826655  2552.366
8657.578251632  2450.767
8660.39875499744  2361.2
8663.21925836288  2428.513
8666.03976172833  2437.242
8668.86026509377  2491.771
8671.68076845922  2505.468
8674.50127182466  2494.945
8677.32177519011  2511.394
8680.14227855555  2470.59
8682.962781921  2434.363
8685.78328528644  2474.175
8688.60378865189  2461.663
8691.42429201733  2445.092
8694.24479538277  2425.733
8697.06529874822  2450.742
8699.88580211366  2412.54
8702.70630547911  2380.175
8705.52680884456  2417.099
8708.34731221  2409.397
8711.16781557544  2385.891
8713.98831894089  2420.056
8716.80882230633  2413.279
8719.62932567178  2351.923
8722.44982903722  2351.963
8725.27033240266  2351.155
8728.09083576811  2305.85
8730.91133913355  2281.101
8733.731842499  2326.434
8736.55234586444  2292.252
8739.37284922989  2213.267
8742.19335259533  2204.9
8745.01385596078  2172.533
8747.83435932622  2179.436
8750.65486269167  2146.655
8753.47536605711  2130.929
8756.29586942256  2187.598
8759.116372788  2182.701
8761.93687615344  2176.167
8764.75737951889  2185.252
8767.57788288433  2170.071
8770.39838624978  2162.633
8773.21888961522  2148.768
8776.03939298067  2127.045
8778.85989634611  2111.714
8781.68039971156  2109.868
8784.500903077  2114.341
8787.32140644244  2107.277
8790.14190980789  2117.344
8792.96241317333  2118.163
8795.78291653878  2087.22
8798.60341990422  2060.665
8801.42392326967  2063.846
8804.24442663511  1988.385
8807.06493000056  2029.069
8809.885433366  2000.789
8812.70593673144  1967.81
8815.52644009689  2012.975
8818.34694346233  2029.801
8821.16744682778  2008.56
8823.98795019322  1961.416
8826.80845355867  1976.311
8829.62895692411  1934.692
8832.44946028956  1924.284
8835.269963655  1943.836
8838.09046702045  1887.718
8840.91097038589  1897.614
8843.73147375133  1935.314
8846.55197711678  1884.33
8849.37248048222  1848.875
8852.19298384767  1853.532
8855.01348721311  1827.911
8857.83399057856  1757.312
8860.654493944  1797.4
8863.47499730945  1818.256
8866.29550067489  1772.147
8869.11600404033  1822.4
8871.93650740578  1799.277
8874.75701077122  1779.667
8877.57751413667  1753.616
8880.39801750211  1740.971
8883.21852086756  1762.024
8886.039024233  1776.163
8888.85952759845  1719.84
8891.68003096389  1740.668
8894.50053432933  1783.888
8897.32103769478  1741.422
8900.14154106022  1684.128
8902.96204442567  1694.825
8905.78254779111  1685.354
8908.60305115656  1642.701
8911.423554522  1667.068
8914.24405788745  1679.092
8917.06456125289  1662.975
8919.88506461833  1630.257
8922.70556798378  1590.501
8925.52607134923  1605.041
8928.34657471467  1573.284
8931.16707808011  1612.558
8933.98758144556  1536.229
8936.808084811  1542.039
8939.62858817645  1563.127
8942.44909154189  1558.765
8945.26959490733  1513.748
8948.09009827278  1500.342
8950.91060163822  1495.687
8953.73110500367  1480.7
8956.55160836911  1448.698
8959.37211173456  1454.806
8962.1926151  1447.539
8965.01311846545  1388.017
8967.83362183089  1362.012
8970.65412519634  1358.33
8973.47462856178  1364.025
8976.29513192723  1347.165
8979.11563529267  1311.138
8981.93613865812  1328.479
8984.75664202356  1340.859
8987.577145389  1396.687
