1  943.692  23.224  16.529  0.003
2  1261.209  28.997  20.620  0.090
3  1498.667  32.668  16.302  0.002
4  1365.386  49.214  17.021  0.004
5  1476.869  62.380  19.006  0.023
6  433.058  75.057  18.315  0.012
7  1663.084  94.880  17.929  0.008
8  34.832  110.630  18.295  0.014
9  23.497  116.105  18.995  0.027
10  723.078  118.691  20.373  0.071
11  1304.893  121.049  20.364  0.076
12  1589.084  121.619  19.887  0.046
13  1814.915  137.826  17.427  0.005
14  1632.909  139.044  20.020  0.054
15  1350.721  141.699  15.096  0.001
16  1073.745  145.953  16.372  0.002
17  1919.061  153.195  18.852  0.022
18  2023.630  156.852  19.947  0.058
19  1935.295  169.326  13.799  0.001
20  1935.392  169.446  13.798  0.001
21  275.890  173.798  19.311  0.029
22  593.776  174.735  19.649  0.040
23  589.264  180.405  19.557  0.035
24  576.970  193.404  18.533  0.015
25  916.327  214.423  16.099  0.002
26  889.835  215.745  20.254  0.068
27  1727.673  219.238  19.642  0.037
28  1528.211  230.471  16.043  0.002
29  90.912  257.463  19.067  0.023
30  1341.836  260.893  18.437  0.013
31  248.646  266.327  14.489  0.001
32  961.470  266.040  14.804  0.001
33  856.251  268.883  19.219  0.025
34  580.041  278.335  20.205  0.063
35  1631.550  287.654  18.371  0.012
36  1532.896  302.645  20.098  0.054
37  1938.803  308.154  18.384  0.013
38  664.148  311.382  19.438  0.031
39  1644.806  316.536  19.118  0.026
40  1346.091  319.974  20.167  0.059
41  1083.248  324.173  16.940  0.004
42  1531.644  339.129  20.471  0.078
43  167.253  343.214  20.412  0.078
44  519.786  349.774  19.087  0.022
45  1966.046  350.670  19.756  0.045
46  1121.872  372.650  20.321  0.070
47  394.859  379.239  18.376  0.012
48  458.794  383.048  18.781  0.017
49  427.004  390.727  18.125  0.010
50  388.803  403.477  19.971  0.055
51  1437.753  411.470  16.211  0.002
52  1413.838  418.639  19.256  0.027
53  991.962  420.935  16.693  0.003
54  97.057  453.206  15.622  0.001
55  517.241  458.855  19.652  0.039
56  1101.047  462.777  15.530  0.001
57  564.977  464.202  19.830  0.046
58  301.531  468.093  20.068  0.057
59  1080.536  484.595  20.184  0.067
60  1512.369  485.687  15.366  0.001
61  45.784  486.836  19.759  0.046
62  1606.387  506.136  15.985  0.002
63  149.380  513.961  19.247  0.028
64  1076.044  522.952  18.482  0.013
65  1394.171  526.023  19.759  0.041
66  688.935  543.653  15.893  0.002
67  1618.749  543.107  19.943  0.051
68  1545.587  551.626  16.672  0.003
69  1195.937  559.566  20.342  0.069
70  756.421  562.134  14.542  0.001
71  923.104  583.469  17.125  0.004
72  1897.255  583.847  19.965  0.050
73  1056.203  588.211  19.328  0.028
74  881.149  599.093  17.220  0.004
75  1377.620  609.926  16.938  0.003
76  1210.098  620.759  20.245  0.063
77  1307.372  622.101  20.545  0.081
78  1977.991  623.922  20.171  0.065
79  562.473  637.253  20.269  0.064
80  101.797  652.371  19.135  0.025
81  88.154  652.347  19.743  0.043
82  1168.917  661.910  13.909  0.001
83  1169.037  661.954  13.909  0.001
84  1200.522  671.991  19.406  0.034
85  975.753  685.743  17.137  0.004
86  1817.231  690.531  18.815  0.018
87  517.648  697.607  23.180  0.944
88  1440.484  710.197  16.347  0.002
89  489.412  713.469  20.055  0.057
90  1475.970  713.671  15.202  0.001
91  805.337  716.844  14.195  0.001
92  477.053  718.783  19.713  0.039
93  1871.097  720.537  19.658  0.038
94  1004.837  722.975  20.385  0.074
95  1098.829  728.543  20.326  0.068
96  488.878  730.448  20.394  0.074
97  1183.321  737.015  14.361  0.001
98  1333.754  757.253  20.245  0.064
99  1885.249  777.998  19.844  0.046
100  1042.613  806.995  18.973  0.023
101  1062.647  809.996  14.431  0.001
102  1665.067  810.089  19.899  0.047
103  1157.444  823.674  18.197  0.010
104  1663.412  823.903  19.272  0.027
105  1248.278  825.037  20.337  0.069
106  1013.670  828.749  20.261  0.066
107  1093.979  837.984  15.612  0.001
108  2006.149  841.011  20.309  0.079
109  1584.946  845.000  17.268  0.005
110  418.995  866.168  14.927  0.001
111  1981.079  870.080  16.961  0.004
112  477.786  880.048  20.188  0.060
113  729.245  880.407  20.317  0.066
114  1081.365  887.774  14.088  0.001
115  1283.323  886.446  17.011  0.004
116  655.741  893.284  20.419  0.075
117  1760.626  894.208  19.712  0.041
118  1645.459  904.991  19.739  0.039
119  1695.192  921.852  16.906  0.004
120  1211.439  923.796  14.926  0.001
121  1251.401  925.571  16.370  0.002
122  1141.787  927.383  14.930  0.001
123  1369.829  932.861  18.529  0.013
124  1146.732  937.342  14.770  0.001
125  1585.959  941.685  20.501  0.080
126  789.258  942.093  21.820  0.266
127  548.179  950.941  19.260  0.027
128  501.548  967.475  19.044  0.021
129  94.603  969.021  17.942  0.008
130  1702.587  978.417  19.648  0.038
131  552.776  986.835  19.072  0.023
132  678.460  988.263  14.346  0.001
133  1238.866  990.357  19.542  0.036
134  1794.866  993.421  20.481  0.082
135  696.599  1004.632  17.316  0.005
136  982.244  1010.967  19.898  0.048
137  1766.875  1024.830  19.306  0.029
138  27.333  1026.980  16.590  0.003
139  259.751  1027.549  14.106  0.001
140  1227.683  1033.526  13.803  0.000
141  525.743  1032.854  19.348  0.028
142  1010.870  1036.014  20.520  0.081
143  1189.839  1047.825  19.243  0.029
144  1329.675  1052.643  19.405  0.029
145  476.068  1058.592  19.603  0.035
146  706.141  1073.097  16.869  0.003
147  1367.468  1076.090  16.268  0.002
148  1282.829  1078.341  14.479  0.001
149  1750.007  1079.046  17.613  0.006
150  1610.666  1109.853  19.492  0.031
151  653.983  1112.392  19.728  0.038
152  1182.104  1111.999  17.459  0.005
153  1811.708  1134.428  18.203  0.011
154  1747.989  1143.725  19.176  0.026
155  402.652  1153.343  19.719  0.040
156  873.123  1154.069  17.196  0.004
157  1309.165  1157.986  20.183  0.060
158  287.011  1160.540  18.618  0.015
159  996.044  1165.393  18.885  0.019
160  1734.996  1196.964  19.777  0.053
161  2024.364  1200.207  18.041  0.010
162  1177.968  1208.824  19.889  0.044
163  499.366  1214.657  18.423  0.012
164  1508.692  1218.912  17.394  0.005
165  1015.406  1222.077  20.337  0.066
166  1737.045  1229.152  15.968  0.002
167  1377.294  1231.766  14.088  0.001
168  681.532  1248.074  19.591  0.033
169  321.862  1249.651  18.161  0.010
170  1503.419  1251.852  18.398  0.013
171  756.916  1254.052  15.642  0.002
172  1272.004  1259.261  18.233  0.010
173  1942.884  1258.851  19.750  0.043
174  756.797  1271.300  16.750  0.003
175  1082.311  1274.884  14.763  0.001
176  1774.775  1290.689  17.138  0.004
177  346.617  1294.477  21.766  0.262
178  77.454  1306.043  19.342  0.032
179  400.970  1306.663  19.581  0.036
180  758.220  1310.904  20.372  0.077
181  1532.871  1319.646  16.354  0.002
182  1617.934  1329.508  14.670  0.001
183  183.196  1344.688  19.456  0.033
184  1152.804  1348.185  14.572  0.001
185  1987.206  1347.875  18.092  0.011
186  123.517  1370.576  19.789  0.045
187  676.763  1377.110  19.253  0.026
188  547.304  1384.691  15.104  0.001
189  1432.097  1397.924  19.957  0.049
190  895.559  1402.797  20.053  0.054
191  269.479  1407.413  16.767  0.003
193  1497.742  1436.061  19.808  0.045
194  175.080  1455.845  18.408  0.013
195  773.492  1467.500  17.730  0.007
196  469.472  1471.464  18.510  0.014
197  909.012  1483.093  18.746  0.017
198  720.040  1496.150  19.877  0.046
199  1915.760  1500.616  18.985  0.022
200  2024.092  1500.514  14.999  0.001
201  1225.818  1539.942  19.945  0.052
202  178.059  1545.070  19.516  0.035
203  476.971  1549.714  19.785  0.043
204  1242.466  1554.518  17.995  0.009
205  1227.799  1603.107  19.235  0.025
206  1994.842  1616.844  19.348  0.032
207  531.935  1628.576  18.828  0.023
208  118.231  1644.849  17.902  0.009
209  482.320  1653.585  21.713  0.246
210  331.364  1693.290  19.163  0.027
211  1261.028  1696.791  20.168  0.069
212  1547.914  1697.820  17.299  0.005
213  314.636  1698.551  19.594  0.039
214  1359.406  1699.110  19.782  0.042
215  1484.052  1731.668  16.504  0.003
216  1287.210  1758.963  18.664  0.019
217  1719.795  1787.422  20.140  0.061
218  489.247  1811.986  18.751  0.018
219  285.339  1813.943  16.839  0.003
220  24.185  1862.881  19.182  0.028
221  1730.529  1869.859  19.397  0.032
222  1331.694  1897.089  19.889  0.050
223  696.158  1900.660  18.370  0.013
224  1144.783  1902.055  15.110  0.001
225  1011.087  1902.613  19.633  0.040
226  683.958  1906.283  17.477  0.006
227  163.811  1908.126  16.437  0.003
228  1503.716  1952.615  19.812  0.045
229  68.792  1955.047  15.909  0.002
230  68.762  1955.107  15.909  0.002
231  541.619  1971.190  19.677  0.040
232  917.578  1971.175  17.097  0.004
233  1208.599  1972.348  18.116  0.010
234  869.920  1997.914  19.714  0.046
235  1941.902  2010.400  18.688  0.017
236  1263.627  2023.754  18.871  0.022
237  1493.490  2026.034  18.868  0.020
238  749.950  2031.375  18.480  0.016
239  768.707  2034.516  16.730  0.004
254  1493.490  2026.031  18.868  0.020
264  749.954  2031.362  18.480  0.016
