# File generated by CMD 3.6 (http://stev.oapd.inaf.it/cmd) on Wed Apr  6 12:14:36 CEST 2022
# isochrones based on PARSEC release v1.2S +  COLIBRI S_37 + S_35 + PR16
# Basic references: Bressan et al. (2012), MNRAS, 427, 127 + Chen et al. (2014, 2015), MNRAS, 444, 2525 + MNRAS, 452, 1068 + Tang et al. (2014), MNRAS, 445, 4287 + Marigo et al. (2017), ApJ, 835, 77 + Pastorelli al. (2019), MNRAS, 485, 5666 + Pastorelli al. (2020), MNRAS, in press
# Thermal pulse cycles included 
# On RGB, assumed Reimers mass loss with efficiency eta=0.2
# LPV periods and growth rates added cf. Trabucchi et al. (2019)
# but fundamental-mode LPV periods are from Trabucchi et al. (2021)
# Photometric system: <i>UBVRIJHK</i> (cf. Maiz-Apellaniz 2006 + Bessell 1990)
# Using YBC version of bolometric corrections as in Chen et al. (2019)
# O-rich circumstellar dpmod60alox40 dust from Groenewegen (2006)
# C-rich circumstellar AMCSIC15 dust from Groenewegen (2006)
# IMF: Kroupa (2001, 2002) + Kroupa et al. (2013) canonical two-part-power law IMF corrected for unresolved binaries 
# Kind of output: isochrone tables
# Zini     MH   logAge Mini        int_IMF         Mass   logL    logTe  logg  label   McoreTP C_O  period0  period1  period2  period3  period4  pmode  Mloss  tau1m   X   Y   Xc  Xn  Xo  Cexcess  Z 	 mbolmag  Umag    Bmag    Vmag    Rmag    Imag    Jmag    Hmag    Kmag
0.0152 0.01508 8.69897 0.7088462710 2.3820724487    0.709 -0.817  3.6504  4.659    0  0.000  0.543     0.00     0.00     0.00     0.00     0.00 -1 -1.06e-14      0.00 7.110e-01 2.738e-01 2.723e-03 7.363e-04 6.680e-03 -1.000 1.524e-02 6.813 9.959 8.625 7.455 6.669 6.091 5.303 4.652 4.552
0.0152 0.01508 8.69897 0.7500000000 2.3998889923    0.750 -0.698  3.6740  4.659    0  0.000  0.538     0.00     0.00     0.00     0.00     0.00 -1 -1.36e-14      0.00 7.110e-01 2.738e-01 2.694e-03 7.356e-04 6.682e-03 -1.000 1.521e-02 6.516 9.121 8.020 6.969 6.276 5.779 5.076 4.497 4.414
0.0152 0.01508 8.69897 0.8000000119 2.4187245369    0.800 -0.568  3.6941  4.638    0  0.000  0.537     0.00     0.00     0.00     0.00     0.00 -1 -1.82e-14      0.00 7.112e-01 2.736e-01 2.692e-03 7.351e-04 6.677e-03 -1.000 1.519e-02 6.191 8.364 7.472 6.514 5.898 5.449 4.815 4.299 4.226
0.0152 0.01508 8.69897 0.8500000238 2.4350347519    0.850 -0.445  3.7129  4.615    1  0.000  0.537     0.00     0.00     0.00     0.00     0.00 -1 -2.41e-14      0.00 7.115e-01 2.733e-01 2.689e-03 7.344e-04 6.671e-03 -1.000 1.512e-02 5.882 7.685 6.986 6.107 5.556 5.144 4.572 4.112 4.046
0.0152 0.01508 8.69897 0.9000000358 2.4492788315    0.899 -0.327  3.7301  4.592    1  0.000  0.537     0.00     0.00     0.00     0.00     0.00 -1 -3.15e-14      0.00 7.119e-01 2.730e-01 2.686e-03 7.337e-04 6.664e-03 -1.000 1.518e-02 5.588 7.085 6.556 5.743 5.244 4.860 4.343 3.929 3.870
0.0152 0.01508 8.69897 0.9337729812 2.4579136372    0.933 -0.250  3.7406  4.573    1  0.000  0.537     0.00     0.00     0.00     0.00     0.00 -1 -3.77e-14      0.00 7.122e-01 2.727e-01 2.684e-03 7.329e-04 6.658e-03 -1.000 1.515e-02 5.396 6.717 6.284 5.514 5.045 4.679 4.194 3.806 3.752
0.0152 0.01508 8.69897 0.9500000477 2.4618122578    0.950 -0.215  3.7455  4.564    1  0.000  0.537     0.00     0.00     0.00     0.00     0.00 -1  -4.1e-14      0.00 7.123e-01 2.725e-01 2.682e-03 7.326e-04 6.655e-03 -1.000 1.514e-02 5.307 6.538 6.159 5.409 4.955 4.598 4.127 3.751 3.699
0.0152 0.01508 8.69897 1.0000000000 2.4729156494    1.000 -0.106  3.7596  4.535    1  0.000  0.537     0.00     0.00     0.00     0.00     0.00 -1  -5.3e-14      0.00 7.130e-01 2.719e-01 2.678e-03 7.312e-04 6.642e-03 -1.000 1.511e-02 5.036 6.038 5.795 5.103 4.688 4.352 3.919 3.575 3.530
0.0152 0.01508 8.69897 1.0499999523 2.4828116894    1.050 -0.002  3.7723  4.503    1  0.000  0.537     0.00     0.00     0.00     0.00     0.00 -1 -6.34e-14      0.00 7.139e-01 2.711e-01 2.670e-03 7.292e-04 6.624e-03 -1.000 1.503e-02 4.776 5.600 5.456 4.819 4.436 4.120 3.721 3.404 3.365
0.0152 0.01508 8.69897 1.1000000238 2.4916803837    1.099  0.097  3.7837  4.469    1  0.000  0.537     0.00     0.00     0.00     0.00     0.00 -1 -7.48e-14      0.00 7.154e-01 2.696e-01 2.658e-03 7.259e-04 6.595e-03 -1.000 1.499e-02 4.527 5.210 5.139 4.552 4.197 3.900 3.530 3.237 3.203
0.0152 0.01508 8.69897 1.1218924522 2.4952783585    1.121  0.140  3.7884  4.453    1  0.000  0.537     0.00     0.00     0.00     0.00     0.00 -1    -8e-14      0.00 7.162e-01 2.688e-01 2.651e-03 7.241e-04 6.578e-03 -1.000 1.494e-02 4.420 5.055 5.008 4.440 4.097 3.806 3.448 3.164 3.132
0.0152 0.01508 8.69897 1.1499999762 2.4996678829    1.149  0.193  3.7942  4.434    1  0.000  0.537     0.00     0.00     0.00     0.00     0.00 -1  -8.7e-14      0.00 7.175e-01 2.677e-01 2.641e-03 7.214e-04 6.555e-03 -1.000 1.489e-02 4.287 4.864 4.843 4.301 3.970 3.689 3.345 3.072 3.043
0.0152 0.01508 8.69897 1.2000000477 2.5068950653    1.199  0.285  3.8041  4.400    1  0.000  0.537     0.00     0.00     0.00     0.00     0.00 -1 -9.95e-14      0.00 7.176e-01 2.675e-01 2.644e-03 7.223e-04 6.563e-03 -1.000 1.492e-02 4.056 4.548 4.562 4.062 3.753 3.488 3.167 2.913 2.888
0.0152 0.01508 8.69897 1.2500000000 2.5134611130    1.250  0.373  3.8135  4.368    1  0.000  0.537     0.00     0.00     0.00     0.00     0.00 -1 -1.12e-13      0.00 7.177e-01 2.674e-01 2.644e-03 7.224e-04 6.565e-03 -1.000 1.492e-02 3.837 4.262 4.298 3.836 3.548 3.297 2.998 2.763 2.741
0.0152 0.01508 8.69897 1.2999999523 2.5194499493    1.300  0.456  3.8226  4.338    1  0.000  0.537     0.00     0.00     0.00     0.00     0.00 -1 -1.22e-13      0.00 7.179e-01 2.672e-01 2.643e-03 7.220e-04 6.560e-03 -1.000 1.493e-02 3.630 4.008 4.051 3.622 3.351 3.115 2.837 2.620 2.600
0.0152 0.01508 8.69897 1.3500001431 2.5249314308    1.350  0.535  3.8318  4.312    1  0.000  0.537     0.00     0.00     0.00     0.00     0.00 -1 -1.29e-13      0.00 7.177e-01 2.673e-01 2.644e-03 7.224e-04 6.564e-03 -1.000 1.492e-02 3.432 3.770 3.816 3.418 3.165 2.944 2.687 2.489 2.470
0.0152 0.01508 8.69897 1.4000000954 2.5299651623    1.400  0.610  3.8412  4.291    1  0.000  0.537     0.00     0.00     0.00     0.00     0.00 -1 -1.32e-13      0.00 7.178e-01 2.673e-01 2.644e-03 7.223e-04 6.563e-03 -1.000 1.490e-02 3.245 3.552 3.592 3.224 2.990 2.786 2.550 2.370 2.353
0.0152 0.01508 8.69897 1.4500000477 2.5346016884    1.450  0.682  3.8516  4.276    1  0.000  0.537     0.00     0.00     0.00     0.00     0.00 -1  -1.3e-13      0.00 7.179e-01 2.671e-01 2.642e-03 7.218e-04 6.559e-03 -1.000 1.491e-02 3.066 3.344 3.377 3.040 2.826 2.640 2.427 2.267 2.252
0.0152 0.01508 8.69897 1.5000000000 2.5388846397    1.500  0.751  3.8635  4.269    1  0.000  0.537     0.00     0.00     0.00     0.00     0.00 -1 -1.21e-13      0.00 7.181e-01 2.669e-01 2.640e-03 7.214e-04 6.555e-03 -1.000 1.491e-02 2.893 3.145 3.165 2.862 2.671 2.507 2.320 2.182 2.168
0.0152 0.01508 8.69897 1.5102201700 2.5397200584    1.510  0.765  3.8662  4.269    1  0.000  0.537     0.00     0.00     0.00     0.00     0.00 -1 -1.17e-13      0.00 7.182e-01 2.669e-01 2.640e-03 7.213e-04 6.554e-03 -1.000 1.491e-02 2.858 3.106 3.123 2.826 2.641 2.481 2.300 2.167 2.153
0.0152 0.01508 8.69897 1.5499999523 2.5428512096    1.550  0.818  3.8761  4.267    1  0.000  0.537     0.00     0.00     0.00     0.00     0.00 -1 -1.04e-13      0.00 7.184e-01 2.667e-01 2.639e-03 7.209e-04 6.551e-03 -1.000 1.491e-02 2.726 2.957 2.962 2.691 2.526 2.384 2.223 2.108 2.095
0.0152 0.01508 8.69897 1.5874657631 2.5456359386    1.587  0.866  3.8851  4.266    1  0.000  0.537     0.00     0.00     0.00     0.00     0.00 -1 -8.51e-14      0.00 7.186e-01 2.666e-01 2.637e-03 7.206e-04 6.548e-03 -1.000 1.487e-02 2.606 2.825 2.817 2.570 2.423 2.297 2.155 2.056 2.044
0.0152 0.01508 8.69897 1.6000000238 2.5465342999    1.600  0.881  3.8880  4.265    1  0.000  0.537     0.00     0.00     0.00     0.00     0.00 -1 -7.96e-14      0.00 7.186e-01 2.665e-01 2.637e-03 7.205e-04 6.547e-03 -1.000 1.486e-02 2.567 2.781 2.770 2.530 2.389 2.269 2.132 2.038 2.026
0.0152 0.01508 8.69897 1.6500000954 2.5499615669    1.649  0.942  3.8987  4.260    1  0.000  0.537     0.00     0.00     0.00     0.00     0.00 -1 -4.54e-14      0.00 7.187e-01 2.664e-01 2.636e-03 7.202e-04 6.545e-03 -1.000 1.492e-02 2.414 2.617 2.591 2.379 2.259 2.159 2.043 1.965 1.954
0.0152 0.01508 8.69897 1.6946914196 2.5528290272    1.694  0.995  3.9071  4.252    1  0.000  0.537     0.00     0.00     0.00     0.00     0.00 -1 -5.57e-29      0.00 7.188e-01 2.663e-01 2.635e-03 7.200e-04 6.543e-03 -1.000 1.485e-02 2.283 2.477 2.440 2.252 2.149 2.063 1.963 1.898 1.887
0.0152 0.01508 8.69897 1.7000000477 2.5531582832    1.699  1.001  3.9081  4.251    1  0.000  0.537     0.00     0.00     0.00     0.00     0.00 -1    -1e-30      0.00 7.189e-01 2.663e-01 2.635e-03 7.200e-04 6.543e-03 -1.000 1.484e-02 2.267 2.461 2.422 2.237 2.136 2.052 1.953 1.890 1.879
0.0152 0.01508 8.69897 1.7500000000 2.5561456680    1.749  1.058  3.9166  4.241    1  0.000  0.537     0.00     0.00     0.00     0.00     0.00 -1    -1e-30      0.00 7.189e-01 2.662e-01 2.634e-03 7.198e-04 6.541e-03 -1.000 1.489e-02 2.125 2.310 2.263 2.103 2.018 1.948 1.864 1.812 1.802
0.0152 0.01508 8.69897 1.7537180185 2.5563600063    1.753  1.062  3.9172  4.240    1  0.000  0.537     0.00     0.00     0.00     0.00     0.00 -1    -1e-30      0.00 7.189e-01 2.662e-01 2.634e-03 7.198e-04 6.541e-03 -1.000 1.489e-02 2.115 2.299 2.251 2.093 2.010 1.941 1.858 1.806 1.796
0.0152 0.01508 8.69897 1.7999999523 2.5589430332    1.799  1.113  3.9243  4.229    1  0.000  0.537     0.00     0.00     0.00     0.00     0.00 -1    -1e-30      0.00 7.190e-01 2.661e-01 2.634e-03 7.197e-04 6.540e-03 -1.000 1.488e-02 1.987 2.164 2.111 1.974 1.903 1.846 1.774 1.732 1.722
0.0152 0.01508 8.69897 1.8349387646 2.5607941151    1.834  1.151  3.9294  4.219    1  0.000  0.537     0.00     0.00     0.00     0.00     0.00 -1    -1e-30      0.00 7.191e-01 2.660e-01 2.634e-03 7.196e-04 6.539e-03 -1.000 1.489e-02 1.891 2.064 2.008 1.886 1.825 1.775 1.712 1.675 1.666
0.0152 0.01508 8.69897 1.8500000238 2.5615673065    1.849  1.168  3.9315  4.215    1  0.000  0.537     0.00     0.00     0.00     0.00     0.00 -1    -1e-30      0.00 7.191e-01 2.660e-01 2.634e-03 7.196e-04 6.539e-03 -1.000 1.488e-02 1.851 2.021 1.965 1.849 1.791 1.744 1.685 1.650 1.641
0.0152 0.01508 8.69897 1.8943676949 2.5637629032    1.893  1.215  3.9374  4.202    1  0.000  0.537     0.00     0.00     0.00     0.00     0.00 -1    -1e-30      0.00 7.191e-01 2.660e-01 2.633e-03 7.195e-04 6.539e-03 -1.000 1.486e-02 1.732 1.896 1.843 1.742 1.694 1.655 1.605 1.576 1.568
0.0152 0.01508 8.69897 1.9000000954 2.5640332699    1.899  1.221  3.9381  4.200    1  0.000  0.537     0.00     0.00     0.00     0.00     0.00 -1    -1e-30      0.00 7.191e-01 2.661e-01 2.633e-03 7.195e-04 6.539e-03 -1.000 1.486e-02 1.717 1.880 1.827 1.729 1.682 1.644 1.594 1.566 1.558
0.0152 0.01508 8.69897 1.9239917994 2.5651643276    1.923  1.247  3.9412  4.192    1  0.000  0.537     0.00     0.00     0.00     0.00     0.00 -1    -1e-30      0.00 7.191e-01 2.660e-01 2.633e-03 7.195e-04 6.538e-03 -1.000 1.487e-02 1.653 1.813 1.763 1.672 1.630 1.596 1.551 1.526 1.518
0.0152 0.01508 8.69897 1.9500001669 2.5663545132    1.950  1.274  3.9444  4.184    1  0.000  0.537     0.00     0.00     0.00     0.00     0.00 -1    -1e-30      0.00 7.191e-01 2.660e-01 2.633e-03 7.195e-04 6.538e-03 -1.000 1.487e-02 1.585 1.741 1.695 1.612 1.574 1.544 1.503 1.481 1.474
0.0152 0.01508 8.69897 1.9796873331 2.5676689148    1.980  1.305  3.9479  4.173    1  0.000  0.537     0.00     0.00     0.00     0.00     0.00 -1    -1e-30      0.00 7.191e-01 2.660e-01 2.633e-03 7.195e-04 6.539e-03 -1.000 1.489e-02 1.507 1.659 1.618 1.544 1.510 1.484 1.449 1.430 1.423
0.0152 0.01508 8.69897 2.0000000000 2.5685424805    2.000  1.326  3.9501  4.165    1  0.000  0.537     0.00     0.00     0.00     0.00     0.00 -1    -1e-30      0.00 7.191e-01 2.660e-01 2.634e-03 7.195e-04 6.539e-03 -1.000 1.489e-02 1.455 1.604 1.566 1.497 1.467 1.443 1.411 1.394 1.388
0.0152 0.01508 8.69897 2.0287802219 2.5697460175    2.029  1.356  3.9533  4.154    1  0.000  0.537     0.00     0.00     0.00     0.00     0.00 -1    -1e-30      0.00 7.191e-01 2.661e-01 2.634e-03 7.196e-04 6.539e-03 -1.000 1.488e-02 1.380 1.527 1.495 1.433 1.406 1.386 1.358 1.343 1.337
0.0152 0.01508 8.69897 2.0499999523 2.5706083775    2.050  1.378  3.9555  4.146    1  0.000  0.537     0.00     0.00     0.00     0.00     0.00 -1    -1e-30      0.00 7.191e-01 2.661e-01 2.634e-03 7.196e-04 6.539e-03 -1.000 1.489e-02 1.326 1.470 1.442 1.385 1.361 1.343 1.318 1.305 1.300
0.0152 0.01508 8.69897 2.0999999046 2.5725615025    2.099  1.429  3.9602  4.124    1  0.000  0.537     0.00     0.00     0.00     0.00     0.00 -1    -1e-30      0.00 7.190e-01 2.661e-01 2.634e-03 7.196e-04 6.539e-03 -1.000 1.488e-02 1.198 1.337 1.318 1.273 1.253 1.240 1.222 1.212 1.208
0.0152 0.01508 8.69897 2.1500000954 2.5744106770    2.149  1.480  3.9642  4.099    1  0.000  0.537     0.00     0.00     0.00     0.00     0.00 -1    -1e-30      0.00 7.190e-01 2.661e-01 2.634e-03 7.197e-04 6.541e-03 -1.000 1.487e-02 1.071 1.207 1.196 1.161 1.145 1.136 1.122 1.115 1.112
0.0152 0.01508 8.69897 2.1595706940 2.5747535229    2.158  1.489  3.9649  4.094    1  0.000  0.537     0.00     0.00     0.00     0.00     0.00 -1    -1e-30      0.00 7.190e-01 2.661e-01 2.634e-03 7.198e-04 6.541e-03 -1.000 1.487e-02 1.046 1.182 1.173 1.139 1.124 1.116 1.103 1.096 1.093
0.0152 0.01508 8.69897 2.2000000477 2.5761635303    2.199  1.530  3.9676  4.072    1  0.000  0.537     0.00     0.00     0.00     0.00     0.00 -1    -1e-30      0.00 7.189e-01 2.662e-01 2.635e-03 7.199e-04 6.542e-03 -1.000 1.484e-02 0.944 1.077 1.074 1.047 1.035 1.029 1.019 1.014 1.012
0.0152 0.01508 8.69897 2.2326714993 2.5772600174    2.231  1.563  3.9695  4.053    1  0.000  0.537     0.00     0.00     0.00     0.00     0.00 -1    -1e-30      0.00 7.189e-01 2.662e-01 2.635e-03 7.200e-04 6.542e-03 -1.000 1.487e-02 0.862 0.993 0.995 0.972 0.961 0.957 0.950 0.946 0.944
0.0152 0.01508 8.69897 2.2500000000 2.5778269768    2.249  1.581  3.9703  4.043    1  0.000  0.537     0.00     0.00     0.00     0.00     0.00 -1    -1e-30      0.00 7.189e-01 2.662e-01 2.635e-03 7.200e-04 6.543e-03 -1.000 1.488e-02 0.819 0.948 0.952 0.931 0.922 0.919 0.913 0.909 0.907
0.0152 0.01508 8.69897 2.2723705769 2.5785439014    2.271  1.603  3.9714  4.029    1  0.000  0.537     0.00     0.00     0.00     0.00     0.00 -1    -1e-30      0.00 7.188e-01 2.663e-01 2.635e-03 7.201e-04 6.543e-03 -1.000 1.488e-02 0.762 0.891 0.898 0.880 0.871 0.869 0.864 0.861 0.860
0.0152 0.01508 8.69897 2.2999999523 2.5794074535    2.299  1.631  3.9722  4.009    1  0.000  0.537     0.00     0.00     0.00     0.00     0.00 -1    -1e-30      0.00 7.188e-01 2.663e-01 2.636e-03 7.202e-04 6.545e-03 -1.000 1.490e-02 0.693 0.820 0.829 0.814 0.806 0.804 0.801 0.798 0.797
0.0152 0.01508 8.69897 2.3194940090 2.5800025463    2.318  1.650  3.9727  3.996    1  0.000  0.537     0.00     0.00     0.00     0.00     0.00 -1    -1e-30      0.00 7.188e-01 2.663e-01 2.636e-03 7.202e-04 6.545e-03 -1.000 1.491e-02 0.644 0.771 0.780 0.767 0.760 0.758 0.755 0.753 0.752
0.0152 0.01508 8.69897 2.3707871437 2.5815145969    2.370  1.702  3.9727  3.954    1  0.000  0.537     0.00     0.00     0.00     0.00     0.00 -1    -1e-30      0.00 7.187e-01 2.664e-01 2.637e-03 7.204e-04 6.547e-03 -1.000 1.490e-02 0.515 0.638 0.649 0.638 0.631 0.630 0.627 0.624 0.624
0.0152 0.01508 8.69897 2.4000000954 2.5823426247    2.399  1.731  3.9723  3.928    1  0.000  0.537     0.00     0.00     0.00     0.00     0.00 -1    -1e-30      0.00 7.186e-01 2.665e-01 2.637e-03 7.206e-04 6.548e-03 -1.000 1.488e-02 0.442 0.563 0.573 0.563 0.556 0.555 0.551 0.548 0.547
0.0152 0.01508 8.69897 2.4448535442 2.5835697651    2.444  1.776  3.9709  3.886    1  0.000  0.537     0.00     0.00     0.00     0.00     0.00 -1    -1e-30      0.00 7.167e-01 2.684e-01 2.652e-03 7.246e-04 6.584e-03 -1.000 1.496e-02 0.331 0.449 0.457 0.447 0.439 0.437 0.431 0.428 0.427
0.0152 0.01508 8.69897 2.4908134937 2.5847744942    2.490  1.821  3.9673  3.834    1  0.000  0.537     0.00     0.00     0.00     0.00     0.00 -1    -1e-30      0.00 7.146e-01 2.704e-01 2.668e-03 7.289e-04 6.622e-03 -1.000 1.507e-02 0.217 0.333 0.332 0.319 0.308 0.303 0.293 0.287 0.286
0.0152 0.01508 8.69897 2.5314712524 2.5857985020    2.531  1.861  3.9624  3.781    1  0.000  0.537     0.00     0.00     0.00     0.00     0.00 -1    -1e-30      0.00 7.126e-01 2.722e-01 2.683e-03 7.329e-04 6.657e-03 -1.000 1.513e-02 0.116 0.231 0.218 0.199 0.185 0.176 0.160 0.151 0.149
0.0152 0.01508 8.69897 2.5659377575 2.5866374969    2.566  1.895  3.9567  3.731    1  0.000  0.538     0.00     0.00     0.00     0.00     0.00 -1    -1e-30      0.00 7.109e-01 2.739e-01 2.696e-03 7.364e-04 6.689e-03 -1.000 1.520e-02 0.032 0.148 0.120 0.095 0.076 0.063 0.038 0.026 0.022
0.0152 0.01508 8.69897 2.5968384743 2.5873677731    2.597  1.925  3.9493  3.676    1  0.000  0.538     0.00     0.00     0.00     0.00     0.00 -1    -1e-30      0.00 7.094e-01 2.754e-01 2.709e-03 7.396e-04 6.717e-03 -1.000 1.526e-02 -0.043 0.077 0.029 -0.007 -0.032 -0.051 -0.087 -0.103 -0.109
0.0152 0.01508 8.69897 2.5999999046 2.5874414444    2.600  1.928  3.9483  3.670    1  0.000  0.538     0.00     0.00     0.00     0.00     0.00 -1    -1e-30      0.00 7.092e-01 2.755e-01 2.710e-03 7.399e-04 6.720e-03 -1.000 1.527e-02 -0.051 0.070 0.021 -0.017 -0.043 -0.064 -0.100 -0.117 -0.123
0.0152 0.01508 8.69897 2.6208057404 2.5879206657    2.621  1.948  3.9420  3.628    1  0.000  0.538     0.00     0.00     0.00     0.00     0.00 -1    -1e-30      0.00 7.092e-01 2.755e-01 2.710e-03 7.399e-04 6.720e-03 -1.000 1.527e-02 -0.101 0.027 -0.038 -0.086 -0.118 -0.145 -0.191 -0.212 -0.220
0.0152 0.01508 8.69897 2.6461691856 2.5884933472    2.646  1.972  3.9333  3.574    1  0.000  0.538     0.00     0.00     0.00     0.00     0.00 -1    -1e-30      0.00 7.092e-01 2.755e-01 2.710e-03 7.399e-04 6.720e-03 -1.000 1.527e-02 -0.160 -0.020 -0.107 -0.170 -0.212 -0.248 -0.307 -0.335 -0.344
0.0152 0.01508 8.69897 2.6654000282 2.5889191628    2.665  1.991  3.9254  3.527    1  0.000  0.538     0.00     0.00     0.00     0.00     0.00 -1    -1e-30      0.00 7.092e-01 2.755e-01 2.710e-03 7.399e-04 6.720e-03 -1.000 1.527e-02 -0.207 -0.052 -0.155 -0.234 -0.286 -0.331 -0.403 -0.439 -0.450
0.0152 0.01508 8.69897 2.6837139130 2.5893180370    2.684  2.011  3.9182  3.481    1  0.000  0.538     0.00     0.00     0.00     0.00     0.00 -1    -1e-30      0.00 7.092e-01 2.755e-01 2.710e-03 7.399e-04 6.720e-03 -1.000 1.527e-02 -0.256 -0.088 -0.203 -0.297 -0.359 -0.413 -0.498 -0.540 -0.553
0.0152 0.01508 8.69897 2.6978332996 2.5896213055    2.698  2.029  3.9148  3.451    1  0.000  0.538     0.00     0.00     0.00     0.00     0.00 -1    -1e-30      0.00 7.092e-01 2.755e-01 2.710e-03 7.399e-04 6.720e-03 -1.000 1.527e-02 -0.303 -0.129 -0.247 -0.349 -0.416 -0.475 -0.565 -0.611 -0.624
0.0152 0.01508 8.69897 2.7060167789 2.5897955894    2.706  2.052  3.9216  3.457    1  0.000  0.538     0.00     0.00     0.00     0.00     0.00 -1    -1e-30      0.00 7.092e-01 2.755e-01 2.710e-03 7.399e-04 6.720e-03 -1.000 1.527e-02 -0.359 -0.200 -0.311 -0.395 -0.451 -0.500 -0.579 -0.618 -0.629
0.0152 0.01508 8.69897 2.7099740505 2.5898792744    2.710  2.071  3.9306  3.475    1  0.000  0.538     0.00     0.00     0.00     0.00     0.00 -1    -1e-30      0.00 7.092e-01 2.755e-01 2.710e-03 7.399e-04 6.720e-03 -1.000 1.527e-02 -0.406 -0.267 -0.361 -0.424 -0.467 -0.505 -0.569 -0.599 -0.609
0.0152 0.01508 8.69897 2.7115290165 2.5899121761    2.712  2.086  3.9397  3.496    1  0.000  0.538     0.00     0.00     0.00     0.00     0.00 -1    -1e-30      0.00 7.092e-01 2.755e-01 2.710e-03 7.399e-04 6.720e-03 -1.000 1.527e-02 -0.445 -0.322 -0.396 -0.439 -0.472 -0.500 -0.549 -0.572 -0.580
0.0152 0.01508 8.69897 2.7124314308 2.5899312496    2.713  2.104  3.9497  3.519    1  0.000  0.538     0.00     0.00     0.00     0.00     0.00 -1    -1e-30      0.00 7.092e-01 2.755e-01 2.710e-03 7.399e-04 6.720e-03 -1.000 1.527e-02 -0.489 -0.380 -0.427 -0.452 -0.474 -0.492 -0.527 -0.543 -0.548
0.0152 0.01508 8.69897 2.7129237652 2.5899415016    2.713  2.121  3.9590  3.539    1  0.000  0.538     0.00     0.00     0.00     0.00     0.00 -1    -1e-30      0.00 7.092e-01 2.755e-01 2.710e-03 7.399e-04 6.720e-03 -1.000 1.527e-02 -0.533 -0.434 -0.453 -0.462 -0.476 -0.487 -0.509 -0.519 -0.522
0.0152 0.01508 8.69897 2.7132368088 2.5899481773    2.713  2.141  3.9681  3.556    1  0.000  0.538     0.00     0.00     0.00     0.00     0.00 -1    -1e-30      0.00 7.092e-01 2.755e-01 2.710e-03 7.399e-04 6.720e-03 -1.000 1.527e-02 -0.581 -0.488 -0.480 -0.475 -0.483 -0.486 -0.496 -0.501 -0.502
0.0152 0.01508 8.69897 2.7134611607 2.5899529457    2.714  2.161  3.9770  3.570    1  0.000  0.538     0.00     0.00     0.00     0.00     0.00 -1    -1e-30      0.00 7.092e-01 2.755e-01 2.710e-03 7.399e-04 6.720e-03 -1.000 1.527e-02 -0.633 -0.542 -0.508 -0.490 -0.492 -0.490 -0.488 -0.489 -0.487
0.0152 0.01508 8.69897 2.7136304379 2.5899565220    2.714  2.174  3.9831  3.582    1  0.000  0.538     0.00     0.00     0.00     0.00     0.00 -1    -1e-30      0.00 7.092e-01 2.755e-01 2.710e-03 7.399e-04 6.720e-03 -1.000 1.527e-02 -0.664 -0.573 -0.521 -0.495 -0.493 -0.487 -0.478 -0.476 -0.472
0.0152 0.01508 8.69897 2.7137000561 2.5899579525    2.714  2.153  3.9786  3.585    2  0.000  0.538     0.00     0.00     0.00     0.00     0.00 -1    -1e-30      0.00 7.092e-01 2.755e-01 2.710e-03 7.399e-04 6.720e-03 -1.000 1.527e-02 -0.613 -0.522 -0.483 -0.463 -0.464 -0.461 -0.457 -0.457 -0.455
0.0152 0.01508 8.69897 2.7137737274 2.5899593830    2.714  2.128  3.9714  3.581    2  0.000  0.538     0.00     0.00     0.00     0.00     0.00 -1    -1e-30      0.00 7.092e-01 2.755e-01 2.710e-03 7.399e-04 6.720e-03 -1.000 1.527e-02 -0.551 -0.457 -0.441 -0.432 -0.437 -0.439 -0.444 -0.448 -0.447
0.0152 0.01508 8.69897 2.7138442993 2.5899610519    2.714  2.110  3.9625  3.564    2  0.000  0.538     0.00     0.00     0.00     0.00     0.00 -1    -1e-30      0.00 7.092e-01 2.755e-01 2.710e-03 7.399e-04 6.720e-03 -1.000 1.527e-02 -0.505 -0.406 -0.416 -0.421 -0.432 -0.440 -0.458 -0.466 -0.468
0.0152 0.01508 8.69897 2.7139346600 2.5899629593    2.714  2.102  3.9511  3.526    2  0.000  0.538     0.00     0.00     0.00     0.00     0.00 -1    -1e-30      0.00 7.092e-01 2.755e-01 2.710e-03 7.399e-04 6.720e-03 -1.000 1.527e-02 -0.486 -0.378 -0.421 -0.443 -0.465 -0.482 -0.515 -0.529 -0.535
0.0152 0.01508 8.69897 2.7140383720 2.5899651051    2.714  2.107  3.9396  3.474    2  0.000  0.538     0.00     0.00     0.00     0.00     0.00 -1    -1e-30      0.00 7.092e-01 2.755e-01 2.710e-03 7.399e-04 6.720e-03 -1.000 1.527e-02 -0.499 -0.377 -0.451 -0.493 -0.525 -0.553 -0.603 -0.626 -0.634
0.0152 0.01508 8.69897 2.7141590118 2.5899674892    2.714  2.117  3.9279  3.418    2  0.000  0.538     0.00     0.00     0.00     0.00     0.00 -1    -1e-30      0.00 7.092e-01 2.755e-01 2.710e-03 7.399e-04 6.720e-03 -1.000 1.527e-02 -0.523 -0.382 -0.481 -0.547 -0.593 -0.635 -0.703 -0.735 -0.746
0.0152 0.01508 8.69897 2.7142932415 2.5899703503    2.715  2.125  3.9161  3.363    2  0.000  0.538     0.00     0.00     0.00     0.00     0.00 -1    -1e-30      0.00 7.092e-01 2.755e-01 2.710e-03 7.399e-04 6.720e-03 -1.000 1.527e-02 -0.542 -0.376 -0.496 -0.588 -0.651 -0.707 -0.795 -0.840 -0.852
0.0152 0.01508 8.69897 2.7144386768 2.5899734497    2.715  2.129  3.9042  3.312    2  0.000  0.538     0.00     0.00     0.00     0.00     0.00 -1    -1e-30      0.00 7.092e-01 2.755e-01 2.710e-03 7.399e-04 6.720e-03 -1.000 1.527e-02 -0.552 -0.360 -0.492 -0.614 -0.696 -0.769 -0.878 -0.936 -0.951
0.0152 0.01508 8.69897 2.7145934105 2.5899767876    2.715  2.130  3.8924  3.263    2  0.000  0.538     0.00     0.00     0.00     0.00     0.00 -1    -1e-30      0.00 7.092e-01 2.755e-01 2.710e-03 7.399e-04 6.720e-03 -1.000 1.527e-02 -0.555 -0.334 -0.471 -0.629 -0.732 -0.823 -0.954 -1.027 -1.043
0.0152 0.01508 8.69897 2.7147550583 2.5899801254    2.715  2.129  3.8804  3.217    2  0.000  0.538     0.00     0.00     0.00     0.00     0.00 -1    -1e-30      0.00 7.092e-01 2.755e-01 2.710e-03 7.399e-04 6.720e-03 -1.000 1.527e-02 -0.552 -0.301 -0.435 -0.631 -0.758 -0.870 -1.023 -1.113 -1.131
0.0152 0.01508 8.69897 2.7149209976 2.5899837017    2.715  2.126  3.8684  3.172    2  0.000  0.538     0.00     0.00     0.00     0.00     0.00 -1    -1e-30      0.00 7.092e-01 2.755e-01 2.710e-03 7.399e-04 6.720e-03 -1.000 1.527e-02 -0.545 -0.261 -0.388 -0.625 -0.777 -0.909 -1.087 -1.195 -1.216
0.0152 0.01508 8.69897 2.7150878906 2.5899870396    2.715  2.122  3.8564  3.128    2  0.000  0.538     0.00     0.00     0.00     0.00     0.00 -1    -1e-30      0.00 7.092e-01 2.755e-01 2.710e-03 7.399e-04 6.720e-03 -1.000 1.527e-02 -0.534 -0.215 -0.334 -0.611 -0.788 -0.943 -1.145 -1.274 -1.296
0.0152 0.01508 8.69897 2.7152538300 2.5899906158    2.715  2.116  3.8444  3.085    2  0.000  0.538     0.00     0.00     0.00     0.00     0.00 -1    -1e-30      0.00 7.092e-01 2.755e-01 2.710e-03 7.399e-04 6.720e-03 -1.000 1.527e-02 -0.520 -0.159 -0.273 -0.590 -0.793 -0.970 -1.198 -1.350 -1.373
0.0152 0.01508 8.69897 2.7154161930 2.5899939537    2.716  2.109  3.8323  3.044    2  0.000  0.538     0.00     0.00     0.00     0.00     0.00 -1    -1e-30      0.00 7.092e-01 2.755e-01 2.710e-03 7.399e-04 6.720e-03 -1.000 1.527e-02 -0.503 -0.096 -0.207 -0.564 -0.792 -0.992 -1.247 -1.422 -1.448
0.0152 0.01508 8.69897 2.7155737877 2.5899972916    2.716  2.102  3.8203  3.004    2  0.000  0.538     0.00     0.00     0.00     0.00     0.00 -1    -1e-30      0.00 7.092e-01 2.755e-01 2.710e-03 7.399e-04 6.720e-03 -1.000 1.527e-02 -0.484 -0.020 -0.132 -0.533 -0.786 -1.008 -1.291 -1.490 -1.518
0.0152 0.01508 8.69897 2.7157256603 2.5900006294    2.716  2.093  3.8086  2.965    2  0.000  0.538     0.00     0.00     0.00     0.00     0.00 -1    -1e-30      0.00 7.092e-01 2.755e-01 2.710e-03 7.399e-04 6.720e-03 -1.000 1.527e-02 -0.462 0.068 -0.051 -0.498 -0.777 -1.020 -1.331 -1.554 -1.585
0.0152 0.01508 8.69897 2.7158720493 2.5900037289    2.716  2.083  3.7973  2.930    2  0.000  0.538     0.00     0.00     0.00     0.00     0.00 -1    -1e-30      0.00 7.092e-01 2.755e-01 2.710e-03 7.399e-04 6.720e-03 -1.000 1.527e-02 -0.438 0.174 0.037 -0.460 -0.764 -1.028 -1.365 -1.612 -1.647
0.0152 0.01508 8.69897 2.7160198689 2.5900068283    2.716  2.072  3.7865  2.897    2  0.000  0.538     0.00     0.00     0.00     0.00     0.00 -1    -1e-30      0.00 7.092e-01 2.755e-01 2.710e-03 7.399e-04 6.720e-03 -1.000 1.527e-02 -0.411 0.292 0.131 -0.416 -0.745 -1.028 -1.393 -1.663 -1.702
0.0152 0.01508 8.69897 2.7161784172 2.5900101662    2.716  2.059  3.7759  2.869    2  0.000  0.538     0.00     0.00     0.00     0.00     0.00 -1    -1e-30      0.00 7.092e-01 2.755e-01 2.710e-03 7.399e-04 6.720e-03 -1.000 1.527e-02 -0.376 0.425 0.234 -0.362 -0.716 -1.019 -1.411 -1.706 -1.748
0.0152 0.01508 8.69897 2.7163619995 2.5900139809    2.717  2.040  3.7654  2.845    2  0.000  0.538     0.00     0.00     0.00     0.00     0.00 -1    -1e-30      0.00 7.092e-01 2.755e-01 2.710e-03 7.399e-04 6.720e-03 -1.000 1.527e-02 -0.330 0.581 0.353 -0.292 -0.672 -0.995 -1.416 -1.737 -1.782
0.0152 0.01508 8.69897 2.7165331841 2.5900175571    2.717  2.020  3.7569  2.832    2  0.000  0.538     0.00     0.00     0.00     0.00     0.00 -1    -1e-30      0.00 7.092e-01 2.755e-01 2.710e-03 7.399e-04 6.720e-03 -1.000 1.527e-02 -0.279 0.724 0.462 -0.221 -0.620 -0.958 -1.403 -1.745 -1.793
0.0152 0.01508 8.69897 2.7167212963 2.5900216103    2.717  1.994  3.7485  2.824    2  0.000  0.538     0.00     0.00     0.00     0.00     0.00 -1    -1e-30      0.00 7.092e-01 2.755e-01 2.710e-03 7.399e-04 6.720e-03 -1.000 1.527e-02 -0.214 0.885 0.586 -0.134 -0.552 -0.905 -1.375 -1.739 -1.789
0.0152 0.01508 8.69897 2.7169148922 2.5900256634    2.717  1.963  3.7406  2.823    2  0.000  0.538     0.00     0.00     0.00     0.00     0.00 -1    -1e-30      0.00 7.092e-01 2.755e-01 2.710e-03 7.399e-04 6.720e-03 -1.000 1.527e-02 -0.137 1.059 0.717 -0.033 -0.470 -0.838 -1.331 -1.718 -1.770
0.0152 0.01508 8.69897 2.7170906067 2.5900292397    2.717  1.934  3.7338  2.826    2  0.000  0.538     0.00     0.00     0.00     0.00     0.00 -1    -1e-30      0.00 7.092e-01 2.755e-01 2.710e-03 7.399e-04 6.720e-03 -1.000 1.527e-02 -0.064 1.224 0.841 0.061 -0.391 -0.770 -1.285 -1.689 -1.744
0.0152 0.01508 8.69897 2.7173194885 2.5900340080    2.718  1.898  3.7255  2.828    2  0.000  0.538     0.00     0.00     0.00     0.00     0.00 -1    -1e-30      0.00 7.092e-01 2.755e-01 2.710e-03 7.399e-04 6.720e-03 -1.000 1.527e-02 0.025 1.435 0.993 0.177 -0.295 -0.688 -1.229 -1.656 -1.712
0.0152 0.01508 8.69897 2.7176020145 2.5900399685    2.718  1.867  3.7156  2.819    2  0.000  0.538     0.00     0.00     0.00     0.00     0.00 -1    -1e-30      0.00 7.092e-01 2.755e-01 2.710e-03 7.399e-04 6.720e-03 -1.000 1.527e-02 0.101 1.669 1.148 0.290 -0.207 -0.617 -1.190 -1.644 -1.704
0.0152 0.01508 8.69897 2.7176880836 2.5900418758    2.718  1.864  3.7127  2.811    2  0.000  0.538     0.00     0.00     0.00     0.00     0.00 -1    -1e-30      0.00 7.092e-01 2.755e-01 2.710e-03 7.399e-04 6.720e-03 -1.000 1.527e-02 0.111 1.727 1.181 0.310 -0.193 -0.609 -1.191 -1.654 -1.715
0.0152 0.01508 8.69897 2.7179598808 2.5900475979    2.718  1.881  3.7043  2.761    3  0.000  0.538     0.00     0.00     0.00     0.00     0.00 -1    -1e-30      0.00 7.092e-01 2.756e-01 2.710e-03 7.400e-04 6.720e-03 -1.000 1.527e-02 0.068 1.829 1.209 0.301 -0.224 -0.654 -1.265 -1.751 -1.815
0.0152 0.01508 8.69897 2.7182023525 2.5900526047    2.718  1.916  3.6978  2.700    3  0.000  0.537     0.00     0.00     0.00     0.00     0.00 -1    -1e-30      0.00 7.090e-01 2.757e-01 2.705e-03 7.409e-04 6.720e-03 -1.000 1.527e-02 -0.019 1.860 1.180 0.243 -0.298 -0.740 -1.375 -1.879 -1.947
0.0152 0.01508 8.69897 2.7184350491 2.5900573730    2.719  1.955  3.6927  2.640    3  0.000  0.531     0.00     0.00     0.00     0.00     0.00 -1    -1e-30      0.00 7.088e-01 2.759e-01 2.677e-03 7.534e-04 6.720e-03 -1.000 1.527e-02 -0.118 1.856 1.127 0.168 -0.387 -0.839 -1.491 -2.010 -2.081
0.0152 0.01508 8.69897 2.7186596394 2.5900621414    2.719  1.992  3.6887  2.587    3  0.000  0.511     0.00     0.00     0.00     0.00     0.00 -1    -1e-30      0.00 7.086e-01 2.761e-01 2.578e-03 8.301e-04 6.720e-03 -1.000 1.529e-02 -0.210 1.841 1.074 0.097 -0.469 -0.928 -1.596 -2.126 -2.199
0.0152 0.01508 8.69897 2.7189962864 2.5900692940    2.719  2.042  3.6837  2.517    3  0.000  0.462     0.00     0.00     0.00     0.00     0.00 -1    -1e-30      0.00 7.082e-01 2.764e-01 2.329e-03 1.115e-03 6.720e-03 -1.000 1.533e-02 -0.335 1.815 0.998 -0.002 -0.581 -1.051 -1.737 -2.282 -2.358
0.0152 0.01508 8.69897 2.7192764282 2.5900752544    2.720  2.082  3.6800  2.463    3  0.000  0.429     0.00     0.00     0.00     0.00     0.00 -1    -1e-30      0.00 7.079e-01 2.768e-01 2.164e-03 1.318e-03 6.720e-03 -1.000 1.536e-02 -0.434 1.797 0.936 -0.083 -0.673 -1.150 -1.849 -2.404 -2.482
0.0152 0.01508 8.69897 2.7195565701 2.5900809765    2.720  2.122  3.6765  2.409    3  0.000  0.406     0.00     0.00     0.00     0.00     0.00 -1    -1e-30      0.00 7.075e-01 2.771e-01 2.048e-03 1.460e-03 6.720e-03 -1.000 1.540e-02 -0.535 1.786 0.878 -0.162 -0.764 -1.248 -1.961 -2.526 -2.606
0.0152 0.01508 8.69897 2.7197244167 2.5900845528    2.720  2.146  3.6744  2.376    3  0.000  0.396     0.00     0.00     0.00     0.00     0.00 -1    -1e-30      0.00 7.073e-01 2.774e-01 1.995e-03 1.526e-03 6.720e-03 -1.000 1.537e-02 -0.595 1.779 0.842 -0.211 -0.819 -1.308 -2.028 -2.599 -2.681
0.0152 0.01508 8.69897 2.7198951244 2.5900881290    2.720  2.171  3.6723  2.343    3  0.000  0.388     0.00     0.00     0.00     0.00     0.00 -1    -1e-30      0.00 7.070e-01 2.777e-01 1.952e-03 1.585e-03 6.714e-03 -1.000 1.538e-02 -0.658 1.769 0.804 -0.261 -0.877 -1.370 -2.098 -2.675 -2.757
0.0152 0.01508 8.69897 2.7200660706 2.5900917053    2.720  2.197  3.6702  2.309    3  0.000  0.381     0.00     0.00     0.00     0.00     0.00 -1    -1e-30      0.00 7.066e-01 2.781e-01 1.916e-03 1.639e-03 6.701e-03 -1.000 1.537e-02 -0.722 1.759 0.765 -0.313 -0.935 -1.432 -2.168 -2.751 -2.835
0.0152 0.01508 8.69897 2.7203752995 2.5900981426    2.721  2.243  3.6666  2.249    3  0.000  0.376     0.00     0.00     0.00     0.00     0.00 -1    -1e-30      0.00 7.040e-01 2.807e-01 1.862e-03 1.789e-03 6.602e-03 -1.000 1.537e-02 -0.836 1.742 0.696 -0.404 -1.039 -1.544 -2.294 -2.887 -2.973
0.0152 0.01508 8.69897 2.7206845284 2.5901045799    2.721  2.289  3.6631  2.189    3  0.000  0.374     0.00     0.00     0.00     0.00     0.00 -1    -1e-30      0.00 7.000e-01 2.847e-01 1.817e-03 1.951e-03 6.480e-03 -1.000 1.537e-02 -0.952 1.723 0.626 -0.496 -1.143 -1.656 -2.420 -3.023 -3.112
0.0152 0.01508 8.69897 2.7209935188 2.5901110172    2.721  2.335  3.6596  2.128    3  0.000  0.373     0.00     0.00     0.00     0.00     0.00 -1    -1e-30      0.00 6.952e-01 2.894e-01 1.781e-03 2.094e-03 6.367e-03 -1.000 1.537e-02 -1.068 1.703 0.555 -0.589 -1.249 -1.770 -2.547 -3.161 -3.251
0.0152 0.01508 8.69897 2.7212405205 2.5901162624    2.721  2.373  3.6568  2.079    3  0.000  0.373     0.00     0.00     0.00     0.00     0.00 -1    -1e-30      0.00 6.913e-01 2.933e-01 1.758e-03 2.191e-03 6.290e-03 -1.000 1.536e-02 -1.163 1.689 0.498 -0.664 -1.333 -1.862 -2.650 -3.272 -3.364
0.0152 0.01508 8.69897 2.7214868069 2.5901215076    2.722  2.412  3.6540  2.029    3  0.000  0.372     0.00     0.00     0.00     0.00     0.00 -1    -1e-30      0.00 6.877e-01 2.969e-01 1.739e-03 2.272e-03 6.225e-03 -1.000 1.534e-02 -1.259 1.675 0.441 -0.740 -1.420 -1.955 -2.754 -3.384 -3.479
0.0152 0.01508 8.69897 2.7217276096 2.5901265144    2.722  2.450  3.6512  1.980    3  0.000  0.372     0.00     0.00     0.00     0.00     0.00 -1    -1e-30      0.00 6.846e-01 3.001e-01 1.723e-03 2.336e-03 6.173e-03 -1.000 1.537e-02 -1.354 1.655 0.385 -0.815 -1.505 -2.046 -2.857 -3.494 -3.591
0.0152 0.01508 8.69897 2.7219645977 2.5901315212    2.722  2.488  3.6482  1.930    3  0.000  0.372     0.00     0.00     0.00     0.00     0.00 -1    -1e-30      0.00 6.821e-01 3.026e-01 1.712e-03 2.383e-03 6.135e-03 -1.000 1.533e-02 -1.450 1.629 0.333 -0.891 -1.589 -2.137 -2.960 -3.602 -3.703
0.0152 0.01508 8.69897 2.7221980095 2.5901362896    2.722  2.526  3.6452  1.879    3  0.000  0.372     5.12     3.68     2.74     2.01     1.64  4    -1e-30      0.00 6.800e-01 3.047e-01 1.703e-03 2.420e-03 6.105e-03 -1.000 1.535e-02 -1.546 1.600 0.281 -0.966 -1.672 -2.227 -3.063 -3.709 -3.815
0.0152 0.01508 8.69897 2.7224287987 2.5901410580    2.723  2.565  3.6423  1.829    3  0.000  0.372     5.66     4.03     2.99     2.20     1.79  4    -1e-30      0.00 6.783e-01 3.064e-01 1.696e-03 2.450e-03 6.081e-03 -1.000 1.537e-02 -1.643 1.568 0.227 -1.042 -1.756 -2.318 -3.166 -3.817 -3.927
0.0152 0.01508 8.69897 2.7226438522 2.5901455879    2.723  2.602  3.6393  1.781    3  0.000  0.372     6.22     4.40     3.25     2.39     1.95  4    -1e-30      0.00 6.769e-01 3.078e-01 1.691e-03 2.473e-03 6.062e-03 -1.000 1.534e-02 -1.734 1.540 0.177 -1.113 -1.835 -2.403 -3.264 -3.919 -4.034
0.0152 0.01508 8.69897 2.7228815556 2.5901505947    2.723  2.642  3.6361  1.728    3  0.000  0.372     6.90     4.84     3.56     2.62     2.14  4    -1e-30      0.00 6.757e-01 3.090e-01 1.686e-03 2.494e-03 6.046e-03 -1.000 1.534e-02 -1.835 1.508 0.123 -1.189 -1.919 -2.496 -3.370 -4.031 -4.151
0.0152 0.01508 8.69897 2.7231571674 2.5901563168    2.723  2.681  3.6330  1.676    3  0.000  0.372     7.64     5.32     3.89     2.87     2.34  4    -1e-30      0.00 6.746e-01 3.100e-01 1.682e-03 2.511e-03 6.032e-03 -1.000 1.537e-02 -1.933 1.475 0.069 -1.264 -2.001 -2.586 -3.474 -4.140 -4.266
0.0152 0.01508 8.69897 2.7232213020 2.5901577473    2.723  2.688  3.6324  1.667    3  0.000  0.372     7.78     5.41     3.95     2.92     2.38  4    -1e-30      0.00 6.744e-01 3.102e-01 1.682e-03 2.514e-03 6.030e-03 -1.000 1.537e-02 -1.949 1.470 0.060 -1.276 -2.015 -2.602 -3.492 -4.159 -4.286
0.0152 0.01508 8.69897 2.7235562801 2.5901646614    2.724  2.657  3.6350  1.708    4  0.000  0.372     0.00     0.00     0.00     0.00     0.00 -1    -1e-30      0.00 6.744e-01 3.102e-01 1.682e-03 2.514e-03 6.030e-03 -1.000 1.537e-02 -1.874 1.492 0.100 -1.219 -1.952 -2.532 -3.411 -4.074 -4.196
0.0152 0.01508 8.69897 2.7239129543 2.5901722908    2.724  2.625  3.6377  1.751    4  0.000  0.372     0.00     0.00     0.00     0.00     0.00 -1    -1e-30      0.00 6.744e-01 3.102e-01 1.682e-03 2.514e-03 6.030e-03 -1.000 1.537e-02 -1.792 1.515 0.142 -1.159 -1.885 -2.458 -3.325 -3.983 -4.100
0.0152 0.01508 8.69897 2.7243232727 2.5901806355    2.725  2.592  3.6404  1.795    4  0.000  0.372     0.00     0.00     0.00     0.00     0.00 -1    -1e-30      0.00 6.744e-01 3.102e-01 1.682e-03 2.514e-03 6.030e-03 -1.000 1.537e-02 -1.710 1.539 0.185 -1.097 -1.816 -2.381 -3.237 -3.890 -4.003
0.0152 0.01508 8.69897 2.7248067856 2.5901908875    2.725  2.556  3.6434  1.843    4  0.000  0.372     0.00     0.00     0.00     0.00     0.00 -1    -1e-30      0.00 6.744e-01 3.102e-01 1.682e-03 2.514e-03 6.030e-03 -1.000 1.537e-02 -1.620 1.564 0.233 -1.027 -1.738 -2.297 -3.140 -3.789 -3.897
0.0152 0.01508 8.69897 2.7253694534 2.5902025700    2.726  2.513  3.6470  1.900    4  0.000  0.372     0.00     0.00     0.00     0.00     0.00 -1    -1e-30      0.00 6.744e-01 3.102e-01 1.682e-03 2.514e-03 6.030e-03 -1.000 1.537e-02 -1.513 1.593 0.290 -0.945 -1.646 -2.197 -3.026 -3.668 -3.771
0.0152 0.01508 8.69897 2.7259047031 2.5902137756    2.726  2.468  3.6507  1.961    4  0.000  0.372     0.00     0.00     0.00     0.00     0.00 -1    -1e-30      0.00 6.744e-01 3.102e-01 1.682e-03 2.514e-03 6.029e-03 -1.000 1.537e-02 -1.399 1.620 0.349 -0.858 -1.548 -2.090 -2.903 -3.539 -3.637
0.0152 0.01508 8.69897 2.7263259888 2.5902225971    2.727  2.429  3.6539  2.012    4  0.000  0.372     0.00     0.00     0.00     0.00     0.00 -1    -1e-30      0.00 6.744e-01 3.102e-01 1.682e-03 2.514e-03 6.029e-03 -1.000 1.537e-02 -1.302 1.641 0.402 -0.781 -1.462 -1.997 -2.798 -3.428 -3.522
0.0152 0.01508 8.69897 2.7267341614 2.5902309418    2.727  2.390  3.6570  2.064    4  0.000  0.372     0.00     0.00     0.00     0.00     0.00 -1    -1e-30      0.00 6.744e-01 3.102e-01 1.682e-03 2.514e-03 6.029e-03 -1.000 1.537e-02 -1.205 1.647 0.456 -0.707 -1.376 -1.904 -2.692 -3.313 -3.405
0.0152 0.01508 8.69897 2.7271428108 2.5902395248    2.727  2.351  3.6601  2.115    4  0.000  0.372     0.00     0.00     0.00     0.00     0.00 -1    -1e-30      0.00 6.744e-01 3.102e-01 1.682e-03 2.514e-03 6.029e-03 -1.000 1.537e-02 -1.108 1.654 0.510 -0.633 -1.290 -1.810 -2.586 -3.197 -3.287
0.0152 0.01508 8.69897 2.7275679111 2.5902483463    2.728  2.312  3.6633  2.167    4  0.000  0.372     0.00     0.00     0.00     0.00     0.00 -1    -1e-30      0.00 6.744e-01 3.102e-01 1.682e-03 2.515e-03 6.029e-03 -1.000 1.537e-02 -1.010 1.667 0.568 -0.556 -1.202 -1.715 -2.478 -3.080 -3.168
0.0152 0.01508 8.69897 2.7280192375 2.5902578831    2.728  2.272  3.6665  2.220    4  0.000  0.372     0.00     0.00     0.00     0.00     0.00 -1    -1e-30      0.00 6.744e-01 3.102e-01 1.682e-03 2.515e-03 6.029e-03 -1.000 1.537e-02 -0.910 1.679 0.627 -0.477 -1.112 -1.618 -2.369 -2.962 -3.048
0.0152 0.01508 8.69897 2.7285041809 2.5902678967    2.729  2.233  3.6697  2.272    4  0.000  0.372     0.00     0.00     0.00     0.00     0.00 -1    -1e-30      0.00 6.744e-01 3.102e-01 1.682e-03 2.515e-03 6.029e-03 -1.000 1.537e-02 -0.811 1.691 0.685 -0.400 -1.024 -1.522 -2.260 -2.844 -2.928
0.0152 0.01508 8.69897 2.7290449142 2.5902791023    2.729  2.193  3.6728  2.324    4  0.000  0.372     0.00     0.00     0.00     0.00     0.00 -1    -1e-30      0.00 6.744e-01 3.102e-01 1.682e-03 2.515e-03 6.029e-03 -1.000 1.537e-02 -0.714 1.707 0.745 -0.320 -0.934 -1.426 -2.152 -2.727 -2.809
0.0152 0.01508 8.69897 2.7296562195 2.5902917385    2.730  2.155  3.6760  2.375    4  0.000  0.372     0.00     0.00     0.00     0.00     0.00 -1    -1e-30      0.00 6.744e-01 3.102e-01 1.682e-03 2.515e-03 6.029e-03 -1.000 1.537e-02 -0.617 1.722 0.804 -0.242 -0.846 -1.331 -2.045 -2.611 -2.691
0.0152 0.01508 8.69897 2.7303764820 2.5903067589    2.731  2.116  3.6792  2.427    4  0.000  0.372     0.00     0.00     0.00     0.00     0.00 -1    -1e-30      0.00 6.744e-01 3.102e-01 1.682e-03 2.515e-03 6.029e-03 -1.000 1.537e-02 -0.521 1.736 0.861 -0.165 -0.758 -1.236 -1.939 -2.496 -2.574
0.0152 0.01508 8.69897 2.7313590050 2.5903272629    2.732  2.076  3.6827  2.481    4  0.000  0.372     0.00     0.00     0.00     0.00     0.00 -1    -1e-30      0.00 6.744e-01 3.102e-01 1.682e-03 2.515e-03 6.028e-03 -1.000 1.537e-02 -0.420 1.751 0.922 -0.084 -0.665 -1.137 -1.826 -2.373 -2.449
0.0152 0.01508 8.69897 2.7328174114 2.5903575420    2.733  2.031  3.6870  2.544    4  0.000  0.372     0.00     0.00     0.00     0.00     0.00 -1    -1e-30      0.00 6.744e-01 3.102e-01 1.682e-03 2.515e-03 6.028e-03 -1.000 1.537e-02 -0.308 1.775 0.992 0.007 -0.563 -1.026 -1.699 -2.234 -2.308
0.0152 0.01508 8.69897 2.7350192070 2.5904030800    2.735  1.990  3.6916  2.603    4  0.000  0.372     0.00     0.00     0.00     0.00     0.00 -1    -1e-30      0.00 6.744e-01 3.102e-01 1.682e-03 2.516e-03 6.028e-03 -1.000 1.537e-02 -0.206 1.787 1.050 0.085 -0.472 -0.926 -1.582 -2.104 -2.175
0.0152 0.01508 8.69897 2.7393338680 2.5904922485    2.740  1.957  3.6973  2.660    4  0.000  0.372     0.00     0.00     0.00     0.00     0.00 -1    -1e-30      0.00 6.744e-01 3.102e-01 1.682e-03 2.517e-03 6.027e-03 -1.000 1.537e-02 -0.124 1.763 1.080 0.141 -0.402 -0.845 -1.481 -1.986 -2.054
0.0152 0.01508 8.69897 2.7405054569 2.5905163288    2.741  1.953  3.6985  2.668    4  0.000  0.372     0.00     0.00     0.00     0.00     0.00 -1    -1e-30      0.00 6.744e-01 3.102e-01 1.682e-03 2.517e-03 6.027e-03 -1.000 1.537e-02 -0.113 1.752 1.080 0.146 -0.394 -0.835 -1.466 -1.968 -2.036
0.0152 0.01508 8.69897 2.7617270947 2.5909495354    2.762  1.984  3.6980  2.640    4  0.000  0.372     0.00     0.00     0.00     0.00     0.00 -1    -1e-30      0.00 6.744e-01 3.103e-01 1.681e-03 2.520e-03 6.023e-03 -1.000 1.537e-02 -0.189 1.683 1.008 0.071 -0.469 -0.911 -1.544 -2.047 -2.115
