# File generated by CMD 3.6 (http://stev.oapd.inaf.it/cmd) on Wed Apr  6 00:55:48 CEST 2022
# isochrones based on PARSEC release v1.2S +  COLIBRI S_37 + S_35 + PR16
# Basic references: Bressan et al. (2012), MNRAS, 427, 127 + Chen et al. (2014, 2015), MNRAS, 444, 2525 + MNRAS, 452, 1068 + Tang et al. (2014), MNRAS, 445, 4287 + Marigo et al. (2017), ApJ, 835, 77 + Pastorelli al. (2019), MNRAS, 485, 5666 + Pastorelli al. (2020), MNRAS, in press
# Thermal pulse cycles included 
# On RGB, assumed Reimers mass loss with efficiency eta=0.2
# LPV periods and growth rates added cf. Trabucchi et al. (2019)
# but fundamental-mode LPV periods are from Trabucchi et al. (2021)
# Photometric system: <i>UBVRIJHK</i> (cf. Maiz-Apellaniz 2006 + Bessell 1990)
# Using YBC version of bolometric corrections as in Chen et al. (2019)
# O-rich circumstellar dpmod60alox40 dust from Groenewegen (2006)
# C-rich circumstellar AMCSIC15 dust from Groenewegen (2006)
# IMF: Kroupa (2001, 2002) + Kroupa et al. (2013) canonical two-part-power law IMF corrected for unresolved binaries 
# Kind of output: isochrone tables
# Zini     MH   logAge Mini        int_IMF         Mass   logL    logTe  logg  label   McoreTP C_O  period0  period1  period2  period3  period4  pmode  Mloss  tau1m   X   Y   Xc  Xn  Xo  Cexcess  Z 	 mbolmag  Umag    Bmag    Vmag    Rmag    Imag    Jmag    Hmag    Kmag
0.0152 0.01508 8.00000 0.0900000036 1.0816895962    0.090 -2.755  3.4013  4.705    0  0.000  0.545     0.00     0.00     0.00     0.00     0.00 -1 -3.31e-16      0.00 7.092e-01 2.755e-01 2.746e-03 7.408e-04 6.719e-03 -1.000 1.527e-02 11.658 20.043 17.949 16.272 14.266 12.082 9.581 8.983 8.643
0.0152 0.01508 8.00000 0.0931723565 1.1114013195    0.093 -2.730  3.4048  4.708    0  0.000  0.545     0.00     0.00     0.00     0.00     0.00 -1 -3.44e-16      0.00 7.092e-01 2.755e-01 2.746e-03 7.408e-04 6.719e-03 -1.000 1.527e-02 11.594 19.985 17.888 16.210 14.203 12.019 9.518 8.919 8.580
0.0152 0.01508 8.00000 0.1000000015 1.1711064577    0.100 -2.675  3.4126  4.715    0  0.000  0.545     0.00     0.00     0.00     0.00     0.00 -1 -3.73e-16      0.00 7.092e-01 2.755e-01 2.746e-03 7.408e-04 6.719e-03 -1.000 1.527e-02 11.457 19.859 17.755 16.075 14.066 11.881 9.380 8.782 8.443
0.0152 0.01508 8.00000 0.1009420455 1.1789277792    0.101 -2.668  3.4135  4.716    0  0.000  0.545     0.00     0.00     0.00     0.00     0.00 -1 -3.77e-16      0.00 7.092e-01 2.755e-01 2.746e-03 7.408e-04 6.719e-03 -1.000 1.527e-02 11.441 19.844 17.739 16.059 14.050 11.865 9.364 8.765 8.426
0.0152 0.01508 8.00000 0.1116045266 1.2613248825    0.112 -2.593  3.4232  4.724    0  0.000  0.545     0.00     0.00     0.00     0.00     0.00 -1 -4.22e-16      0.00 7.092e-01 2.755e-01 2.746e-03 7.408e-04 6.719e-03 -1.000 1.527e-02 11.254 19.375 17.343 15.674 13.730 11.593 9.190 8.590 8.254
0.0152 0.01508 8.00000 0.1200000122 1.3193155527    0.120 -2.538  3.4310  4.731    0  0.000  0.545     0.00     0.00     0.00     0.00     0.00 -1 -4.58e-16      0.00 7.092e-01 2.755e-01 2.746e-03 7.408e-04 6.719e-03 -1.000 1.527e-02 11.116 18.854 16.922 15.272 13.415 11.343 9.070 8.467 8.135
0.0152 0.01508 8.00000 0.1400000006 1.4384527206    0.140 -2.432  3.4434  4.741    0  0.000  0.545     0.00     0.00     0.00     0.00     0.00 -1 -5.36e-16      0.00 7.092e-01 2.755e-01 2.746e-03 7.408e-04 6.719e-03 -1.000 1.527e-02 10.849 18.069 16.258 14.645 12.906 10.927 8.829 8.224 7.900
0.0152 0.01508 8.00000 0.1422024220 1.4502121210    0.142 -2.421  3.4447  4.742    0  0.000  0.545     0.00     0.00     0.00     0.00     0.00 -1 -5.44e-16      0.00 7.092e-01 2.755e-01 2.746e-03 7.408e-04 6.719e-03 -1.000 1.527e-02 10.822 17.991 16.192 14.582 12.856 10.886 8.805 8.199 7.876
0.0152 0.01508 8.00000 0.1599999964 1.5372931957    0.160 -2.338  3.4543  4.750    0  0.000  0.545     0.00     0.00     0.00     0.00     0.00 -1 -6.16e-16      0.00 7.092e-01 2.755e-01 2.746e-03 7.408e-04 6.719e-03 -1.000 1.527e-02 10.616 17.403 15.690 14.102 12.465 10.573 8.620 8.012 7.696
0.0152 0.01508 8.00000 0.2000000030 1.6938791275    0.200 -2.186  3.4712  4.761    0  0.000  0.545     0.00     0.00     0.00     0.00     0.00 -1 -7.72e-16      0.00 7.092e-01 2.755e-01 2.746e-03 7.408e-04 6.719e-03 -1.000 1.527e-02 10.234 16.412 14.829 13.274 11.784 10.030 8.276 7.663 7.362
0.0152 0.01508 8.00000 0.2232969105 1.7674176693    0.223 -2.112  3.4788  4.766    0  0.000  0.545     0.00     0.00     0.00     0.00     0.00 -1 -8.62e-16      0.00 7.092e-01 2.755e-01 2.746e-03 7.408e-04 6.719e-03 -1.000 1.527e-02 10.049 15.979 14.445 12.905 11.473 9.783 8.108 7.493 7.199
0.0152 0.01508 8.00000 0.2500000000 1.8403258324    0.250 -2.035  3.4867  4.770    0  0.000  0.545     0.00     0.00     0.00     0.00     0.00 -1 -9.68e-16      0.00 7.092e-01 2.755e-01 2.746e-03 7.408e-04 6.719e-03 -1.000 1.527e-02 9.858 15.549 14.058 12.523 11.149 9.533 7.937 7.318 7.032
0.0152 0.01508 8.00000 0.2923896313 1.9374169111    0.292 -1.928  3.4967  4.771    0  0.000  0.545     0.00     0.00     0.00     0.00     0.00 -1 -1.14e-15      0.00 7.092e-01 2.755e-01 2.746e-03 7.408e-04 6.719e-03 -1.000 1.527e-02 9.590 15.005 13.562 12.046 10.738 9.202 7.693 7.070 6.794
0.0152 0.01508 8.00000 0.3000000119 1.9529139996    0.300 -1.910  3.4984  4.771    0  0.000  0.545     0.00     0.00     0.00     0.00     0.00 -1 -1.18e-15      0.00 7.092e-01 2.755e-01 2.746e-03 7.408e-04 6.719e-03 -1.000 1.527e-02 9.546 14.918 13.482 11.970 10.672 9.148 7.653 7.029 6.754
0.0152 0.01508 8.00000 0.3500000238 2.0434176922    0.350 -1.796  3.5087  4.765    0  0.000  0.545     0.00     0.00     0.00     0.00     0.00 -1 -1.43e-15      0.00 7.092e-01 2.755e-01 2.746e-03 7.408e-04 6.719e-03 -1.000 1.527e-02 9.260 14.381 12.988 11.500 10.261 8.809 7.390 6.761 6.496
0.0152 0.01508 8.00000 0.4000000358 2.1185026169    0.400 -1.681  3.5194  4.750    0  0.000  0.545     0.00     0.00     0.00     0.00     0.00 -1 -1.77e-15      0.00 7.092e-01 2.755e-01 2.746e-03 7.408e-04 6.719e-03 -1.000 1.527e-02 8.972 13.861 12.501 11.034 9.851 8.474 7.128 6.492 6.237
0.0152 0.01508 8.00000 0.4500000477 2.1822810173    0.450 -1.558  3.5314  4.727    0  0.000  0.545     0.00     0.00     0.00     0.00     0.00 -1 -2.26e-15      0.00 7.092e-01 2.755e-01 2.746e-03 7.408e-04 6.719e-03 -1.000 1.527e-02 8.666 13.331 11.993 10.549 9.420 8.123 6.852 6.205 5.960
0.0152 0.01508 8.00000 0.5000000000 2.2374541759    0.500 -1.421  3.5474  4.699    0  0.000  0.545     0.00     0.00     0.00     0.00     0.00 -1 -3.02e-15      0.00 7.092e-01 2.755e-01 2.746e-03 7.408e-04 6.719e-03 -1.000 1.527e-02 8.322 12.745 11.413 9.995 8.927 7.731 6.548 5.890 5.658
0.0152 0.01508 8.00000 0.5251325369 2.2619433403    0.525 -1.332  3.5602  4.683    0  0.000  0.545     0.00     0.00     0.00     0.00     0.00 -1 -3.68e-15      0.00 7.092e-01 2.755e-01 2.746e-03 7.407e-04 6.718e-03 -1.000 1.527e-02 8.099 12.360 11.018 9.612 8.586 7.477 6.360 5.693 5.472
0.0152 0.01508 8.00000 0.5500000119 2.2836582661    0.550 -1.247  3.5722  4.666    0  0.000  0.545     0.00     0.00     0.00     0.00     0.00 -1 -4.45e-15      0.00 7.092e-01 2.755e-01 2.745e-03 7.406e-04 6.717e-03 -1.000 1.527e-02 7.888 12.011 10.654 9.257 8.265 7.242 6.182 5.507 5.298
0.0152 0.01508 8.00000 0.5576420426 2.2898859978    0.557 -1.217  3.5774  4.663    0  0.000  0.545     0.00     0.00     0.00     0.00     0.00 -1 -4.75e-15      0.00 7.092e-01 2.755e-01 2.745e-03 7.406e-04 6.717e-03 -1.000 1.527e-02 7.814 11.880 10.516 9.123 8.145 7.158 6.122 5.443 5.240
0.0152 0.01508 8.00000 0.6000000238 2.3211214542    0.600 -1.072  3.6040  4.656    0  0.000  0.545     0.00     0.00     0.00     0.00     0.00 -1 -6.49e-15      0.00 7.092e-01 2.755e-01 2.745e-03 7.405e-04 6.716e-03 -1.000 1.527e-02 7.449 11.245 9.843 8.498 7.582 6.761 5.825 5.130 4.967
0.0152 0.01508 8.00000 0.6227192879 2.3358762264    0.623 -1.000  3.6205  4.666    0  0.000  0.545     0.00     0.00     0.00     0.00     0.00 -1 -7.45e-15      0.00 7.093e-01 2.754e-01 2.745e-03 7.405e-04 6.716e-03 -1.000 1.527e-02 7.270 10.889 9.472 8.174 7.297 6.567 5.682 4.992 4.854
0.0152 0.01508 8.00000 0.6450505853 2.3492202759    0.645 -0.959  3.6293  4.676    0  0.000  0.545     0.00     0.00     0.00     0.00     0.00 -1 -7.97e-15      0.00 7.093e-01 2.754e-01 2.744e-03 7.405e-04 6.715e-03 -1.000 1.527e-02 7.167 10.677 9.260 7.994 7.141 6.457 5.601 4.918 4.792
0.0152 0.01508 8.00000 0.6499999762 2.3520355225    0.650 -0.952  3.6305  4.677    0  0.000  0.545     0.00     0.00     0.00     0.00     0.00 -1 -8.06e-15      0.00 7.093e-01 2.754e-01 2.744e-03 7.404e-04 6.715e-03 -1.000 1.526e-02 7.149 10.642 9.226 7.966 7.116 6.438 5.586 4.905 4.780
0.0152 0.01508 8.00000 0.6611356735 2.3581924438    0.661 -0.937  3.6333  4.680    0  0.000  0.545     0.00     0.00     0.00     0.00     0.00 -1 -8.24e-15      0.00 7.093e-01 2.754e-01 2.744e-03 7.404e-04 6.715e-03 -1.000 1.525e-02 7.111 10.560 9.152 7.904 7.062 6.399 5.555 4.877 4.757
0.0152 0.01508 8.00000 0.7000000477 2.3779268265    0.700 -0.845  3.6489  4.676    0  0.000  0.545     0.00     0.00     0.00     0.00     0.00 -1 -9.92e-15      0.00 7.094e-01 2.754e-01 2.744e-03 7.403e-04 6.715e-03 -1.000 1.527e-02 6.883 10.060 8.718 7.539 6.747 6.162 5.369 4.715 4.614
0.0152 0.01508 8.00000 0.7470761538 2.3986976147    0.747 -0.711  3.6738  4.670    0  0.000  0.538     0.00     0.00     0.00     0.00     0.00 -1 -1.31e-14      0.00 7.094e-01 2.754e-01 2.710e-03 7.393e-04 6.714e-03 -1.000 1.522e-02 6.548 9.161 8.056 7.003 6.309 5.811 5.107 4.527 4.444
0.0152 0.01508 8.00000 0.7500000000 2.3998889923    0.750 -0.703  3.6753  4.669    0  0.000  0.538     0.00     0.00     0.00     0.00     0.00 -1 -1.33e-14      0.00 7.094e-01 2.754e-01 2.707e-03 7.392e-04 6.714e-03 -1.000 1.521e-02 6.527 9.104 8.017 6.972 6.283 5.790 5.092 4.517 4.434
0.0152 0.01508 8.00000 0.8000000119 2.4187245369    0.800 -0.575  3.6946  4.647    0  0.000  0.538     0.00     0.00     0.00     0.00     0.00 -1 -1.78e-14      0.00 7.094e-01 2.753e-01 2.707e-03 7.392e-04 6.714e-03 -1.000 1.527e-02 6.208 8.372 7.484 6.528 5.914 5.466 4.834 4.319 4.246
0.0152 0.01508 8.00000 0.8467596173 2.4340445995    0.846 -0.461  3.7115  4.625    0  0.000  0.538     0.00     0.00     0.00     0.00     0.00 -1  -2.3e-14      0.00 7.095e-01 2.752e-01 2.706e-03 7.390e-04 6.713e-03 -1.000 1.522e-02 5.924 7.754 7.040 6.155 5.600 5.185 4.609 4.144 4.078
0.0152 0.01508 8.00000 0.8500000238 2.4350347519    0.850 -0.454  3.7127  4.624    0  0.000  0.538     0.00     0.00     0.00     0.00     0.00 -1 -2.34e-14      0.00 7.096e-01 2.752e-01 2.706e-03 7.390e-04 6.713e-03 -1.000 1.521e-02 5.904 7.713 7.011 6.130 5.579 5.166 4.594 4.133 4.067
0.0152 0.01508 8.00000 0.9000000358 2.4492788315    0.899 -0.340  3.7296  4.602    0  0.000  0.538     0.00     0.00     0.00     0.00     0.00 -1 -3.03e-14      0.00 7.096e-01 2.752e-01 2.706e-03 7.389e-04 6.711e-03 -1.000 1.526e-02 5.619 7.124 6.590 5.775 5.275 4.890 4.372 3.957 3.897
0.0152 0.01508 8.00000 0.9500000477 2.4618122578    0.950 -0.231  3.7446  4.577    0  0.000  0.538     0.00     0.00     0.00     0.00     0.00 -1  -3.9e-14      0.00 7.097e-01 2.751e-01 2.705e-03 7.387e-04 6.710e-03 -1.000 1.526e-02 5.349 6.598 6.208 5.454 4.997 4.638 4.164 3.786 3.734
0.0152 0.01508 8.00000 1.0000000000 2.4729156494    1.000 -0.123  3.7584  4.547    0  0.000  0.538     0.00     0.00     0.00     0.00     0.00 -1 -5.04e-14      0.00 7.098e-01 2.750e-01 2.705e-03 7.385e-04 6.707e-03 -1.000 1.526e-02 5.077 6.098 5.844 5.147 4.728 4.390 3.955 3.608 3.563
0.0152 0.01508 8.00000 1.0300549269 2.4789965153    1.030 -0.060  3.7661  4.528    0  0.000  0.538     0.00     0.00     0.00     0.00     0.00 -1 -5.61e-14      0.00 7.099e-01 2.749e-01 2.704e-03 7.382e-04 6.705e-03 -1.000 1.524e-02 4.921 5.829 5.639 4.974 4.576 4.250 3.835 3.505 3.463
0.0152 0.01508 8.00000 1.0499999523 2.4828116894    1.050 -0.023  3.7708  4.517    0  0.000  0.538     0.00     0.00     0.00     0.00     0.00 -1 -5.97e-14      0.00 7.099e-01 2.748e-01 2.703e-03 7.381e-04 6.705e-03 -1.000 1.522e-02 4.827 5.672 5.517 4.872 4.486 4.167 3.765 3.444 3.405
0.0152 0.01508 8.00000 1.1000000238 2.4916803837    1.099  0.075  3.7821  4.484    0  0.000  0.538     0.00     0.00     0.00     0.00     0.00 -1 -6.98e-14      0.00 7.102e-01 2.746e-01 2.701e-03 7.376e-04 6.699e-03 -1.000 1.527e-02 4.582 5.283 5.204 4.609 4.251 3.951 3.577 3.281 3.247
0.0152 0.01508 8.00000 1.1117963791 2.4936392307    1.111  0.101  3.7852  4.476    0  0.000  0.538     0.00     0.00     0.00     0.00     0.00 -1 -7.28e-14      0.00 7.103e-01 2.745e-01 2.700e-03 7.374e-04 6.698e-03 -1.000 1.525e-02 4.518 5.186 5.123 4.542 4.190 3.895 3.529 3.238 3.206
0.0152 0.01508 8.00000 1.1499999762 2.4996678829    1.149  0.171  3.7930  4.452    0  0.000  0.538     0.00     0.00     0.00     0.00     0.00 -1  -8.1e-14      0.00 7.105e-01 2.743e-01 2.698e-03 7.368e-04 6.693e-03 -1.000 1.515e-02 4.342 4.931 4.905 4.358 4.024 3.741 3.394 3.119 3.090
0.0152 0.01508 8.00000 1.2000000477 2.5068950653    1.200  0.261  3.8029  4.419    0  0.000  0.538     0.00     0.00     0.00     0.00     0.00 -1 -9.18e-14      0.00 7.106e-01 2.742e-01 2.698e-03 7.368e-04 6.692e-03 -1.000 1.522e-02 4.117 4.618 4.630 4.124 3.812 3.545 3.221 2.965 2.940
0.0152 0.01508 8.00000 1.2500000000 2.5134611130    1.250  0.347  3.8126  4.390    0  0.000  0.538     0.00     0.00     0.00     0.00     0.00 -1 -1.02e-13      0.00 7.106e-01 2.741e-01 2.698e-03 7.368e-04 6.693e-03 -1.000 1.522e-02 3.902 4.331 4.368 3.902 3.611 3.359 3.057 2.820 2.798
0.0152 0.01508 8.00000 1.2999999523 2.5194499493    1.300  0.429  3.8217  4.362    1  0.000  0.538     0.00     0.00     0.00     0.00     0.00 -1 -1.11e-13      0.00 7.107e-01 2.741e-01 2.698e-03 7.367e-04 6.691e-03 -1.000 1.521e-02 3.698 4.080 4.125 3.692 3.419 3.181 2.901 2.682 2.662
0.0152 0.01508 8.00000 1.3500001431 2.5249314308    1.350  0.506  3.8312  4.339    0  0.000  0.538     0.00     0.00     0.00     0.00     0.00 -1 -1.17e-13      0.00 7.107e-01 2.741e-01 2.698e-03 7.367e-04 6.691e-03 -1.000 1.518e-02 3.506 3.844 3.893 3.492 3.238 3.016 2.758 2.558 2.539
0.0152 0.01508 8.00000 1.4000000954 2.5299651623    1.400  0.578  3.8408  4.321    1  0.000  0.538     0.00     0.00     0.00     0.00     0.00 -1 -1.19e-13      0.00 7.108e-01 2.741e-01 2.697e-03 7.366e-04 6.691e-03 -1.000 1.515e-02 3.324 3.631 3.676 3.305 3.069 2.864 2.628 2.446 2.430
0.0152 0.01508 8.00000 1.4500000477 2.5346016884    1.450  0.647  3.8514  4.310    1  0.000  0.538     0.00     0.00     0.00     0.00     0.00 -1 -1.16e-13      0.00 7.108e-01 2.740e-01 2.697e-03 7.365e-04 6.690e-03 -1.000 1.522e-02 3.153 3.430 3.467 3.128 2.913 2.727 2.513 2.353 2.337
0.0152 0.01508 8.00000 1.5000000000 2.5388846397    1.500  0.713  3.8636  4.308    1  0.000  0.537     0.00     0.00     0.00     0.00     0.00 -1 -1.06e-13      0.00 7.108e-01 2.739e-01 2.697e-03 7.364e-04 6.689e-03 -1.000 1.521e-02 2.988 3.238 3.263 2.958 2.767 2.602 2.415 2.277 2.263
0.0152 0.01508 8.00000 1.5499999523 2.5428512096    1.550  0.776  3.8768  4.312    1  0.000  0.538     0.00     0.00     0.00     0.00     0.00 -1 -9.01e-14      0.00 7.109e-01 2.739e-01 2.696e-03 7.363e-04 6.688e-03 -1.000 1.522e-02 2.831 3.059 3.069 2.798 2.633 2.491 2.332 2.218 2.205
0.0152 0.01508 8.00000 1.6000000238 2.5465342999    1.600  0.837  3.8901  4.318    1  0.000  0.538     0.00     0.00     0.00     0.00     0.00 -1 -6.77e-14      0.00 7.110e-01 2.738e-01 2.696e-03 7.361e-04 6.687e-03 -1.000 1.521e-02 2.678 2.888 2.881 2.644 2.505 2.388 2.255 2.163 2.152
0.0152 0.01508 8.00000 1.6450799704 2.5496349335    1.644  0.889  3.9014  4.322    1  0.000  0.538     0.00     0.00     0.00     0.00     0.00 -1 -4.01e-14      0.00 7.110e-01 2.738e-01 2.695e-03 7.361e-04 6.686e-03 -1.000 1.520e-02 2.547 2.745 2.724 2.516 2.399 2.302 2.191 2.117 2.106
0.0152 0.01508 8.00000 1.6500000954 2.5499615669    1.649  0.895  3.9026  4.323    1  0.000  0.538     0.00     0.00     0.00     0.00     0.00 -1 -3.79e-14      0.00 7.110e-01 2.738e-01 2.695e-03 7.361e-04 6.686e-03 -1.000 1.520e-02 2.533 2.729 2.707 2.502 2.388 2.293 2.184 2.112 2.101
0.0152 0.01508 8.00000 1.7000000477 2.5531582832    1.699  0.951  3.9144  4.327    1  0.000  0.537     0.00     0.00     0.00     0.00     0.00 -1    -1e-30      0.00 7.111e-01 2.737e-01 2.695e-03 7.359e-04 6.685e-03 -1.000 1.519e-02 2.393 2.579 2.544 2.371 2.280 2.204 2.117 2.061 2.051
0.0152 0.01508 8.00000 1.7500000000 2.5561456680    1.749  1.005  3.9256  4.331    1  0.000  0.537     0.00     0.00     0.00     0.00     0.00 -1    -1e-30      0.00 7.111e-01 2.737e-01 2.694e-03 7.359e-04 6.684e-03 -1.000 1.522e-02 2.258 2.435 2.392 2.250 2.179 2.121 2.053 2.011 2.002
0.0152 0.01508 8.00000 1.7917553186 2.5584940910    1.791  1.048  3.9344  4.332    1  0.000  0.537     0.00     0.00     0.00     0.00     0.00 -1    -1e-30      0.00 7.112e-01 2.736e-01 2.694e-03 7.358e-04 6.684e-03 -1.000 1.518e-02 2.149 2.319 2.275 2.156 2.101 2.055 2.001 1.968 1.960
0.0152 0.01508 8.00000 1.7999999523 2.5589430332    1.799  1.057  3.9361  4.333    1  0.000  0.538     0.00     0.00     0.00     0.00     0.00 -1    -1e-30      0.00 7.112e-01 2.736e-01 2.694e-03 7.357e-04 6.684e-03 -1.000 1.518e-02 2.128 2.296 2.253 2.139 2.085 2.043 1.991 1.960 1.952
0.0152 0.01508 8.00000 1.8500000238 2.5615673065    1.849  1.106  3.9459  4.334    1  0.000  0.537     0.00     0.00     0.00     0.00     0.00 -1    -1e-30      0.00 7.112e-01 2.736e-01 2.694e-03 7.357e-04 6.682e-03 -1.000 1.517e-02 2.004 2.164 2.129 2.038 1.999 1.968 1.931 1.909 1.902
0.0152 0.01508 8.00000 1.9000000954 2.5640332699    1.899  1.155  3.9551  4.334    1  0.000  0.537     0.00     0.00     0.00     0.00     0.00 -1    -1e-30      0.00 7.112e-01 2.736e-01 2.694e-03 7.356e-04 6.682e-03 -1.000 1.517e-02 1.884 2.037 2.015 1.944 1.916 1.895 1.871 1.856 1.851
0.0152 0.01508 8.00000 1.9500001669 2.5663545132    1.950  1.201  3.9637  4.334    1  0.000  0.538     0.00     0.00     0.00     0.00     0.00 -1    -1e-30      0.00 7.113e-01 2.736e-01 2.694e-03 7.356e-04 6.681e-03 -1.000 1.518e-02 1.767 1.916 1.910 1.856 1.837 1.825 1.813 1.804 1.801
0.0152 0.01508 8.00000 2.0000000000 2.5685424805    2.000  1.247  3.9719  4.332    1  0.000  0.537     0.00     0.00     0.00     0.00     0.00 -1    -1e-30      0.00 7.113e-01 2.735e-01 2.693e-03 7.355e-04 6.681e-03 -1.000 1.519e-02 1.654 1.801 1.811 1.773 1.762 1.757 1.755 1.751 1.750
0.0152 0.01508 8.00000 2.0499999523 2.5706083775    2.050  1.291  3.9797  4.330    1  0.000  0.537     0.00     0.00     0.00     0.00     0.00 -1    -1e-30      0.00 7.113e-01 2.735e-01 2.693e-03 7.354e-04 6.680e-03 -1.000 1.522e-02 1.544 1.691 1.719 1.695 1.690 1.692 1.699 1.700 1.700
0.0152 0.01508 8.00000 2.0999999046 2.5725615025    2.099  1.333  3.9871  4.327    1  0.000  0.537     0.00     0.00     0.00     0.00     0.00 -1    -1e-30      0.00 7.114e-01 2.735e-01 2.693e-03 7.354e-04 6.680e-03 -1.000 1.516e-02 1.436 1.585 1.632 1.619 1.620 1.628 1.643 1.648 1.650
0.0152 0.01508 8.00000 2.1500000954 2.5744106770    2.149  1.375  3.9942  4.324    1  0.000  0.537     0.00     0.00     0.00     0.00     0.00 -1    -1e-30      0.00 7.114e-01 2.735e-01 2.692e-03 7.353e-04 6.679e-03 -1.000 1.517e-02 1.332 1.483 1.549 1.547 1.552 1.564 1.588 1.596 1.600
0.0152 0.01508 8.00000 2.1532058716 2.5745258331    2.152  1.378  3.9946  4.324    1  0.000  0.537     0.00     0.00     0.00     0.00     0.00 -1    -1e-30      0.00 7.114e-01 2.735e-01 2.692e-03 7.353e-04 6.679e-03 -1.000 1.517e-02 1.326 1.477 1.544 1.542 1.548 1.560 1.585 1.592 1.597
0.0152 0.01508 8.00000 2.2000000477 2.5761635303    2.199  1.416  4.0011  4.320    1  0.000  0.538     0.00     0.00     0.00     0.00     0.00 -1    -1e-30      0.00 7.114e-01 2.734e-01 2.693e-03 7.353e-04 6.679e-03 -1.000 1.521e-02 1.230 1.384 1.468 1.476 1.485 1.502 1.534 1.544 1.550
0.0152 0.01508 8.00000 2.2500000000 2.5778269768    2.249  1.456  4.0076  4.316    1  0.000  0.538     0.00     0.00     0.00     0.00     0.00 -1    -1e-30      0.00 7.114e-01 2.734e-01 2.692e-03 7.353e-04 6.679e-03 -1.000 1.519e-02 1.130 1.287 1.391 1.408 1.420 1.441 1.480 1.492 1.500
0.0152 0.01508 8.00000 2.2999999523 2.5794074535    2.299  1.495  4.0139  4.312    1  0.000  0.537     0.00     0.00     0.00     0.00     0.00 -1    -1e-30      0.00 7.114e-01 2.734e-01 2.692e-03 7.352e-04 6.679e-03 -1.000 1.517e-02 1.033 1.193 1.316 1.341 1.356 1.380 1.426 1.441 1.451
0.0152 0.01508 8.00000 2.3108971119 2.5797414780    2.310  1.503  4.0153  4.311    1  0.000  0.537     0.00     0.00     0.00     0.00     0.00 -1    -1e-30      0.00 7.114e-01 2.734e-01 2.692e-03 7.352e-04 6.679e-03 -1.000 1.517e-02 1.012 1.173 1.300 1.327 1.343 1.367 1.415 1.430 1.441
0.0152 0.01508 8.00000 2.4000000954 2.5823426247    2.399  1.571  4.0261  4.304    1  0.000  0.537     0.00     0.00     0.00     0.00     0.00 -1    -1e-30      0.00 7.114e-01 2.734e-01 2.692e-03 7.352e-04 6.678e-03 -1.000 1.518e-02 0.843 1.013 1.172 1.212 1.232 1.262 1.321 1.341 1.354
0.0152 0.01508 8.00000 2.5120670795 2.5853145123    2.512  1.652  4.0388  4.293    1  0.000  0.538     0.00     0.00     0.00     0.00     0.00 -1    -1e-30      0.00 7.103e-01 2.745e-01 2.701e-03 7.376e-04 6.700e-03 -1.000 1.522e-02 0.640 0.821 1.021 1.073 1.098 1.134 1.206 1.230 1.247
0.0152 0.01508 8.00000 2.5999999046 2.5874414444    2.600  1.714  4.0485  4.285    1  0.000  0.538     0.00     0.00     0.00     0.00     0.00 -1    -1e-30      0.00 7.092e-01 2.755e-01 2.710e-03 7.399e-04 6.720e-03 -1.000 1.527e-02 0.485 0.676 0.907 0.968 0.995 1.035 1.118 1.144 1.164
0.0152 0.01508 8.00000 2.7914838791 2.5915443897    2.792  1.843  4.0677  4.264    1  0.000  0.538     0.00     0.00     0.00     0.00     0.00 -1    -1e-30      0.00 7.092e-01 2.755e-01 2.710e-03 7.399e-04 6.720e-03 -1.000 1.527e-02 0.164 0.377 0.670 0.746 0.779 0.826 0.928 0.960 0.985
0.0152 0.01508 8.00000 2.8000001907 2.5917119980    2.800  1.848  4.0685  4.263    1  0.000  0.538     0.00     0.00     0.00     0.00     0.00 -1    -1e-30      0.00 7.092e-01 2.755e-01 2.710e-03 7.399e-04 6.720e-03 -1.000 1.527e-02 0.150 0.365 0.660 0.737 0.769 0.817 0.920 0.952 0.977
0.0152 0.01508 8.00000 2.9281239510 2.5940978527    2.928  1.930  4.0803  4.248    1  0.000  0.538     0.00     0.00     0.00     0.00     0.00 -1    -1e-30      0.00 7.092e-01 2.755e-01 2.710e-03 7.399e-04 6.720e-03 -1.000 1.527e-02 -0.054 0.178 0.511 0.596 0.631 0.683 0.797 0.832 0.859
0.0152 0.01508 8.00000 3.0000000000 2.5953342915    3.000  1.974  4.0867  4.239    1  0.000  0.538     0.00     0.00     0.00     0.00     0.00 -1    -1e-30      0.00 7.092e-01 2.755e-01 2.710e-03 7.399e-04 6.720e-03 -1.000 1.527e-02 -0.166 0.077 0.429 0.518 0.555 0.609 0.729 0.765 0.794
0.0152 0.01508 8.00000 3.0726909637 2.5965173244    3.073  2.019  4.0928  4.230    1  0.000  0.538     0.00     0.00     0.00     0.00     0.00 -1    -1e-30      0.00 7.092e-01 2.755e-01 2.710e-03 7.399e-04 6.720e-03 -1.000 1.527e-02 -0.277 -0.023 0.348 0.441 0.478 0.535 0.660 0.698 0.728
0.0152 0.01508 8.00000 3.2000000477 2.5984411240    3.199  2.095  4.1031  4.212    1  0.000  0.538     0.00     0.00     0.00     0.00     0.00 -1    -1e-30      0.00 7.092e-01 2.755e-01 2.710e-03 7.399e-04 6.720e-03 -1.000 1.527e-02 -0.468 -0.195 0.207 0.305 0.345 0.405 0.539 0.580 0.612
0.0152 0.01508 8.00000 3.2717626095 2.5994498730    3.271  2.137  4.1085  4.202    1  0.000  0.538     0.00     0.00     0.00     0.00     0.00 -1    -1e-30      0.00 7.092e-01 2.755e-01 2.710e-03 7.399e-04 6.720e-03 -1.000 1.527e-02 -0.573 -0.289 0.129 0.231 0.272 0.333 0.472 0.514 0.547
0.0152 0.01508 8.00000 3.3873028755 2.6009712219    3.385  2.204  4.1169  4.184    1  0.000  0.538     0.00     0.00     0.00     0.00     0.00 -1    -1e-30      0.00 7.092e-01 2.755e-01 2.710e-03 7.399e-04 6.720e-03 -1.000 1.527e-02 -0.740 -0.437 0.004 0.111 0.154 0.217 0.363 0.407 0.442
0.0152 0.01508 8.00000 3.4000000954 2.6011312008    3.398  2.211  4.1178  4.182    1  0.000  0.538     0.00     0.00     0.00     0.00     0.00 -1    -1e-30      0.00 7.092e-01 2.755e-01 2.710e-03 7.399e-04 6.720e-03 -1.000 1.527e-02 -0.758 -0.453 -0.009 0.098 0.141 0.205 0.352 0.395 0.431
0.0152 0.01508 8.00000 3.4462878704 2.6017029285    3.444  2.237  4.1211  4.174    1  0.000  0.538     0.00     0.00     0.00     0.00     0.00 -1    -1e-30      0.00 7.092e-01 2.755e-01 2.710e-03 7.399e-04 6.720e-03 -1.000 1.527e-02 -0.823 -0.511 -0.058 0.051 0.095 0.159 0.309 0.353 0.389
0.0152 0.01508 8.00000 3.5487720966 2.6029078960    3.546  2.294  4.1278  4.157    1  0.000  0.538     0.00     0.00     0.00     0.00     0.00 -1    -1e-30      0.00 7.092e-01 2.755e-01 2.710e-03 7.399e-04 6.720e-03 -1.000 1.527e-02 -0.966 -0.637 -0.167 -0.054 -0.008 0.059 0.213 0.259 0.297
0.0152 0.01508 8.00000 3.6000001431 2.6034805775    3.598  2.323  4.1310  4.148    1  0.000  0.538     0.00     0.00     0.00     0.00     0.00 -1    -1e-30      0.00 7.092e-01 2.755e-01 2.710e-03 7.399e-04 6.720e-03 -1.000 1.527e-02 -1.037 -0.700 -0.221 -0.106 -0.060 0.007 0.165 0.212 0.249
0.0152 0.01508 8.00000 3.7192981243 2.6047444344    3.717  2.388  4.1381  4.125    1  0.000  0.538     0.00     0.00     0.00     0.00     0.00 -1    -1e-30      0.00 7.092e-01 2.755e-01 2.710e-03 7.399e-04 6.720e-03 -1.000 1.527e-02 -1.199 -0.846 -0.347 -0.228 -0.181 -0.111 0.052 0.100 0.139
0.0152 0.01508 8.00000 3.8000001907 2.6055479050    3.798  2.431  4.1425  4.108    1  0.000  0.538     0.00     0.00     0.00     0.00     0.00 -1    -1e-30      0.00 7.092e-01 2.755e-01 2.710e-03 7.399e-04 6.720e-03 -1.000 1.527e-02 -1.309 -0.944 -0.434 -0.313 -0.265 -0.193 -0.027 0.022 0.062
0.0152 0.01508 8.00000 3.8474290371 2.6060020924    3.846  2.457  4.1450  4.098    1  0.000  0.538     0.00     0.00     0.00     0.00     0.00 -1    -1e-30      0.00 7.092e-01 2.755e-01 2.710e-03 7.399e-04 6.720e-03 -1.000 1.527e-02 -1.372 -1.001 -0.485 -0.362 -0.313 -0.241 -0.072 -0.023 0.018
0.0152 0.01508 8.00000 3.9710302353 2.6071269512    3.971  2.523  4.1508  4.069    1  0.000  0.538     0.00     0.00     0.00     0.00     0.00 -1    -1e-30      0.00 7.092e-01 2.755e-01 2.710e-03 7.399e-04 6.720e-03 -1.000 1.527e-02 -1.539 -1.153 -0.622 -0.495 -0.446 -0.372 -0.199 -0.148 -0.106
0.0152 0.01508 8.00000 4.0000000000 2.6073791981    4.001  2.539  4.1520  4.061    1  0.000  0.538     0.00     0.00     0.00     0.00     0.00 -1    -1e-30      0.00 7.092e-01 2.755e-01 2.710e-03 7.399e-04 6.720e-03 -1.000 1.527e-02 -1.578 -1.189 -0.655 -0.527 -0.477 -0.403 -0.229 -0.178 -0.136
0.0152 0.01508 8.00000 4.0832476616 2.6080808640    4.083  2.583  4.1552  4.039    1  0.000  0.538     0.00     0.00     0.00     0.00     0.00 -1    -1e-30      0.00 7.092e-01 2.755e-01 2.710e-03 7.399e-04 6.720e-03 -1.000 1.527e-02 -1.688 -1.291 -0.749 -0.619 -0.568 -0.493 -0.317 -0.265 -0.223
0.0152 0.01508 8.00000 4.1852698326 2.6088974476    4.183  2.637  4.1585  4.008    1  0.000  0.538     0.00     0.00     0.00     0.00     0.00 -1    -1e-30      0.00 7.092e-01 2.755e-01 2.710e-03 7.399e-04 6.720e-03 -1.000 1.527e-02 -1.823 -1.418 -0.867 -0.735 -0.684 -0.608 -0.429 -0.377 -0.334
0.0152 0.01508 8.00000 4.1999998093 2.6090114117    4.198  2.645  4.1589  4.004    1  0.000  0.538     0.00     0.00     0.00     0.00     0.00 -1    -1e-30      0.00 7.092e-01 2.755e-01 2.710e-03 7.399e-04 6.720e-03 -1.000 1.527e-02 -1.843 -1.436 -0.885 -0.752 -0.701 -0.625 -0.446 -0.393 -0.350
0.0152 0.01508 8.00000 4.2554445267 2.6094329357    4.253  2.675  4.1604  3.986    1  0.000  0.538     0.00     0.00     0.00     0.00     0.00 -1    -1e-30      0.00 7.092e-01 2.755e-01 2.710e-03 7.399e-04 6.720e-03 -1.000 1.527e-02 -1.916 -1.506 -0.950 -0.817 -0.765 -0.689 -0.509 -0.456 -0.412
0.0152 0.01508 8.00000 4.3358445168 2.6100218296    4.333  2.718  4.1618  3.956    1  0.000  0.538     0.00     0.00     0.00     0.00     0.00 -1    -1e-30      0.00 7.092e-01 2.755e-01 2.710e-03 7.399e-04 6.720e-03 -1.000 1.527e-02 -2.024 -1.612 -1.052 -0.917 -0.865 -0.788 -0.607 -0.554 -0.510
0.0152 0.01508 8.00000 4.4000000954 2.6104743481    4.397  2.753  4.1624  3.930    1  0.000  0.538     0.00     0.00     0.00     0.00     0.00 -1    -1e-30      0.00 7.092e-01 2.755e-01 2.710e-03 7.399e-04 6.720e-03 -1.000 1.527e-02 -2.111 -1.699 -1.136 -1.001 -0.949 -0.872 -0.690 -0.637 -0.593
0.0152 0.01508 8.00000 4.4053716660 2.6105113029    4.403  2.755  4.1625  3.928    1  0.000  0.538     0.00     0.00     0.00     0.00     0.00 -1    -1e-30      0.00 7.092e-01 2.755e-01 2.710e-03 7.399e-04 6.720e-03 -1.000 1.527e-02 -2.119 -1.706 -1.143 -1.008 -0.956 -0.879 -0.697 -0.644 -0.600
0.0152 0.01508 8.00000 4.5106654167 2.6112198830    4.508  2.812  4.1625  3.882    1  0.000  0.538     0.00     0.00     0.00     0.00     0.00 -1    -1e-30      0.00 7.092e-01 2.755e-01 2.710e-03 7.399e-04 6.720e-03 -1.000 1.527e-02 -2.261 -1.852 -1.286 -1.150 -1.098 -1.022 -0.840 -0.787 -0.743
0.0152 0.01508 8.00000 4.5914793015 2.6117382050    4.588  2.857  4.1612  3.840    1  0.000  0.538     0.00     0.00     0.00     0.00     0.00 -1    -1e-30      0.00 7.092e-01 2.755e-01 2.710e-03 7.399e-04 6.720e-03 -1.000 1.527e-02 -2.371 -1.969 -1.405 -1.269 -1.217 -1.141 -0.960 -0.908 -0.864
0.0152 0.01508 8.00000 4.5999999046 2.6117916107    4.597  2.861  4.1609  3.835    1  0.000  0.538     0.00     0.00     0.00     0.00     0.00 -1    -1e-30      0.00 7.092e-01 2.755e-01 2.710e-03 7.399e-04 6.720e-03 -1.000 1.527e-02 -2.383 -1.982 -1.418 -1.282 -1.231 -1.155 -0.974 -0.922 -0.878
0.0152 0.01508 8.00000 4.6650648117 2.6121923923    4.663  2.897  4.1585  3.795    1  0.000  0.538     0.00     0.00     0.00     0.00     0.00 -1    -1e-30      0.00 7.092e-01 2.755e-01 2.710e-03 7.399e-04 6.720e-03 -1.000 1.527e-02 -2.473 -2.083 -1.522 -1.386 -1.336 -1.261 -1.081 -1.030 -0.986
0.0152 0.01508 8.00000 4.7503509521 2.6126985550    4.748  2.945  4.1539  3.737    1  0.000  0.538     0.00     0.00     0.00     0.00     0.00 -1    -1e-30      0.00 7.092e-01 2.755e-01 2.710e-03 7.399e-04 6.720e-03 -1.000 1.527e-02 -2.592 -2.220 -1.666 -1.532 -1.483 -1.410 -1.234 -1.183 -1.140
0.0152 0.01508 8.00000 4.8000001907 2.6129837036    4.798  2.973  4.1497  3.697    1  0.000  0.538     0.00     0.00     0.00     0.00     0.00 -1    -1e-30      0.00 7.092e-01 2.755e-01 2.710e-03 7.399e-04 6.720e-03 -1.000 1.527e-02 -2.663 -2.307 -1.761 -1.628 -1.580 -1.508 -1.335 -1.285 -1.243
0.0152 0.01508 8.00000 4.8231382370 2.6131143570    4.821  2.986  4.1477  3.678    1  0.000  0.538     0.00     0.00     0.00     0.00     0.00 -1    -1e-30      0.00 7.092e-01 2.755e-01 2.710e-03 7.399e-04 6.720e-03 -1.000 1.527e-02 -2.696 -2.347 -1.805 -1.672 -1.625 -1.554 -1.382 -1.333 -1.291
0.0152 0.01508 8.00000 4.8834576607 2.6134481430    4.882  3.021  4.1406  3.619    1  0.000  0.538     0.00     0.00     0.00     0.00     0.00 -1    -1e-30      0.00 7.092e-01 2.755e-01 2.710e-03 7.399e-04 6.720e-03 -1.000 1.527e-02 -2.783 -2.460 -1.931 -1.801 -1.756 -1.688 -1.521 -1.474 -1.433
0.0152 0.01508 8.00000 4.9397597313 2.6137511730    4.938  3.055  4.1328  3.560    1  0.000  0.538     0.00     0.00     0.00     0.00     0.00 -1    -1e-30      0.00 7.092e-01 2.755e-01 2.710e-03 7.399e-04 6.720e-03 -1.000 1.527e-02 -2.867 -2.570 -2.056 -1.929 -1.886 -1.821 -1.660 -1.614 -1.575
0.0152 0.01508 8.00000 4.9868898392 2.6139988899    4.986  3.084  4.1245  3.502    1  0.000  0.538     0.00     0.00     0.00     0.00     0.00 -1    -1e-30      0.00 7.092e-01 2.755e-01 2.710e-03 7.399e-04 6.720e-03 -1.000 1.527e-02 -2.941 -2.671 -2.174 -2.050 -2.010 -1.947 -1.792 -1.749 -1.711
0.0152 0.01508 8.00000 5.0000000000 2.6140668392    4.999  3.094  4.1229  3.487    1  0.000  0.538     0.00     0.00     0.00     0.00     0.00 -1    -1e-30      0.00 7.092e-01 2.755e-01 2.710e-03 7.399e-04 6.720e-03 -1.000 1.527e-02 -2.964 -2.700 -2.207 -2.083 -2.043 -1.981 -1.828 -1.785 -1.747
0.0152 0.01508 8.00000 5.0393662453 2.6142683029    5.039  3.122  4.1180  3.442    1  0.000  0.538     0.00     0.00     0.00     0.00     0.00 -1    -1e-30      0.00 7.092e-01 2.755e-01 2.710e-03 7.399e-04 6.720e-03 -1.000 1.527e-02 -3.034 -2.787 -2.302 -2.181 -2.143 -2.083 -1.933 -1.891 -1.854
0.0152 0.01508 8.00000 5.0412430763 2.6142778397    5.041  3.123  4.1178  3.440    1  0.000  0.538     0.00     0.00     0.00     0.00     0.00 -1    -1e-30      0.00 7.092e-01 2.755e-01 2.710e-03 7.399e-04 6.720e-03 -1.000 1.527e-02 -3.038 -2.791 -2.307 -2.186 -2.147 -2.087 -1.937 -1.896 -1.859
0.0152 0.01508 8.00000 5.0484523773 2.6143143177    5.048  3.132  4.1210  3.445    1  0.000  0.538     0.00     0.00     0.00     0.00     0.00 -1    -1e-30      0.00 7.092e-01 2.755e-01 2.710e-03 7.399e-04 6.720e-03 -1.000 1.527e-02 -3.060 -2.805 -2.312 -2.190 -2.150 -2.089 -1.937 -1.895 -1.857
0.0152 0.01508 8.00000 5.0652914047 2.6143991947    5.065  3.156  4.1313  3.464    1  0.000  0.538     0.00     0.00     0.00     0.00     0.00 -1    -1e-30      0.00 7.092e-01 2.755e-01 2.710e-03 7.399e-04 6.720e-03 -1.000 1.527e-02 -3.119 -2.833 -2.318 -2.190 -2.148 -2.084 -1.924 -1.879 -1.839
0.0152 0.01508 8.00000 5.0698966980 2.6144220829    5.069  3.171  4.1420  3.492    1  0.000  0.538     0.00     0.00     0.00     0.00     0.00 -1    -1e-30      0.00 7.092e-01 2.755e-01 2.710e-03 7.399e-04 6.720e-03 -1.000 1.527e-02 -3.157 -2.839 -2.299 -2.167 -2.122 -2.054 -1.885 -1.838 -1.797
0.0152 0.01508 8.00000 5.0719633102 2.6144325733    5.071  3.186  4.1526  3.520    1  0.000  0.538     0.00     0.00     0.00     0.00     0.00 -1    -1e-30      0.00 7.092e-01 2.755e-01 2.710e-03 7.399e-04 6.720e-03 -1.000 1.527e-02 -3.194 -2.842 -2.280 -2.143 -2.096 -2.024 -1.848 -1.798 -1.755
0.0152 0.01508 8.00000 5.0730776787 2.6144380569    5.072  3.203  4.1633  3.545    1  0.000  0.538     0.00     0.00     0.00     0.00     0.00 -1    -1e-30      0.00 7.092e-01 2.755e-01 2.710e-03 7.399e-04 6.720e-03 -1.000 1.527e-02 -3.238 -2.850 -2.267 -2.125 -2.074 -1.999 -1.815 -1.763 -1.718
0.0152 0.01508 8.00000 5.0736980438 2.6144411564    5.073  3.220  4.1724  3.564    1  0.000  0.538     0.00     0.00     0.00     0.00     0.00 -1    -1e-30      0.00 7.092e-01 2.755e-01 2.710e-03 7.399e-04 6.720e-03 -1.000 1.527e-02 -3.281 -2.862 -2.260 -2.115 -2.062 -1.983 -1.793 -1.739 -1.692
0.0152 0.01508 8.00000 5.0740447044 2.6144428253    5.073  3.230  4.1777  3.576    1  0.000  0.538     0.00     0.00     0.00     0.00     0.00 -1    -1e-30      0.00 7.092e-01 2.755e-01 2.710e-03 7.399e-04 6.720e-03 -1.000 1.527e-02 -3.306 -2.869 -2.257 -2.108 -2.054 -1.974 -1.780 -1.725 -1.677
0.0152 0.01508 8.00000 5.0742244720 2.6144437790    5.074  3.212  4.1729  3.575    2  0.000  0.538     0.00     0.00     0.00     0.00     0.00 -1    -1e-30      0.00 7.092e-01 2.755e-01 2.710e-03 7.399e-04 6.720e-03 -1.000 1.527e-02 -3.261 -2.840 -2.237 -2.091 -2.038 -1.959 -1.769 -1.714 -1.668
0.0152 0.01508 8.00000 5.0743842125 2.6144444942    5.074  3.190  4.1649  3.565    2  0.000  0.538     0.00     0.00     0.00     0.00     0.00 -1    -1e-30      0.00 7.092e-01 2.755e-01 2.710e-03 7.399e-04 6.720e-03 -1.000 1.527e-02 -3.205 -2.811 -2.225 -2.082 -2.032 -1.955 -1.770 -1.718 -1.673
0.0152 0.01508 8.00000 5.0745296478 2.6144452095    5.074  3.176  4.1556  3.542    2  0.000  0.538     0.00     0.00     0.00     0.00     0.00 -1    -1e-30      0.00 7.092e-01 2.755e-01 2.710e-03 7.399e-04 6.720e-03 -1.000 1.527e-02 -3.169 -2.806 -2.238 -2.100 -2.052 -1.979 -1.800 -1.750 -1.706
0.0152 0.01508 8.00000 5.0747084618 2.6144461632    5.074  3.170  4.1439  3.500    2  0.000  0.538     0.00     0.00     0.00     0.00     0.00 -1    -1e-30      0.00 7.092e-01 2.755e-01 2.710e-03 7.399e-04 6.720e-03 -1.000 1.527e-02 -3.156 -2.832 -2.289 -2.156 -2.110 -2.041 -1.871 -1.824 -1.782
0.0152 0.01508 8.00000 5.0748963356 2.6144471169    5.074  3.178  4.1322  3.446    2  0.000  0.538     0.00     0.00     0.00     0.00     0.00 -1    -1e-30      0.00 7.092e-01 2.755e-01 2.710e-03 7.399e-04 6.720e-03 -1.000 1.527e-02 -3.175 -2.888 -2.369 -2.241 -2.199 -2.134 -1.973 -1.928 -1.888
0.0152 0.01508 8.00000 5.0750999451 2.6144480705    5.074  3.190  4.1205  3.387    2  0.000  0.538     0.00     0.00     0.00     0.00     0.00 -1    -1e-30      0.00 7.092e-01 2.755e-01 2.710e-03 7.399e-04 6.720e-03 -1.000 1.527e-02 -3.206 -2.957 -2.461 -2.339 -2.300 -2.239 -2.087 -2.045 -2.007
0.0152 0.01508 8.00000 5.0753149986 2.6144492626    5.075  3.202  4.1087  3.328    2  0.000  0.538     0.00     0.00     0.00     0.00     0.00 -1    -1e-30      0.00 7.092e-01 2.755e-01 2.710e-03 7.399e-04 6.720e-03 -1.000 1.527e-02 -3.234 -3.021 -2.551 -2.434 -2.398 -2.342 -2.199 -2.160 -2.124
0.0152 0.01508 8.00000 5.0755376816 2.6144504547    5.075  3.210  4.0969  3.273    2  0.000  0.538     0.00     0.00     0.00     0.00     0.00 -1    -1e-30      0.00 7.092e-01 2.755e-01 2.710e-03 7.399e-04 6.720e-03 -1.000 1.527e-02 -3.255 -3.074 -2.632 -2.520 -2.488 -2.436 -2.302 -2.267 -2.233
0.0152 0.01508 8.00000 5.0757651329 2.6144514084    5.075  3.216  4.0850  3.219    2  0.000  0.538     0.00     0.00     0.00     0.00     0.00 -1    -1e-30      0.00 7.092e-01 2.755e-01 2.710e-03 7.399e-04 6.720e-03 -1.000 1.527e-02 -3.270 -3.118 -2.705 -2.598 -2.570 -2.522 -2.399 -2.366 -2.334
0.0152 0.01508 8.00000 5.0759935379 2.6144526005    5.075  3.219  4.0731  3.168    2  0.000  0.538     0.00     0.00     0.00     0.00     0.00 -1    -1e-30      0.00 7.092e-01 2.755e-01 2.710e-03 7.399e-04 6.720e-03 -1.000 1.527e-02 -3.279 -3.153 -2.772 -2.671 -2.645 -2.602 -2.489 -2.460 -2.430
0.0152 0.01508 8.00000 5.0762219429 2.6144537926    5.076  3.221  4.0611  3.119    2  0.000  0.538     0.00     0.00     0.00     0.00     0.00 -1    -1e-30      0.00 7.092e-01 2.755e-01 2.710e-03 7.399e-04 6.720e-03 -1.000 1.527e-02 -3.283 -3.182 -2.834 -2.738 -2.715 -2.677 -2.575 -2.549 -2.522
0.0152 0.01508 8.00000 5.0764470100 2.6144549847    5.076  3.222  4.0492  3.070    2  0.000  0.538     0.00     0.00     0.00     0.00     0.00 -1    -1e-30      0.00 7.092e-01 2.755e-01 2.710e-03 7.399e-04 6.720e-03 -1.000 1.527e-02 -3.285 -3.204 -2.891 -2.801 -2.781 -2.747 -2.657 -2.635 -2.609
0.0152 0.01508 8.00000 5.0766677856 2.6144559383    5.076  3.222  4.0372  3.023    2  0.000  0.538     0.00     0.00     0.00     0.00     0.00 -1    -1e-30      0.00 7.092e-01 2.755e-01 2.710e-03 7.399e-04 6.720e-03 -1.000 1.527e-02 -3.284 -3.220 -2.944 -2.859 -2.842 -2.814 -2.736 -2.718 -2.695
0.0152 0.01508 8.00000 5.0768818855 2.6144571304    5.076  3.220  4.0252  2.976    2  0.000  0.538     0.00     0.00     0.00     0.00     0.00 -1    -1e-30      0.00 7.092e-01 2.755e-01 2.710e-03 7.399e-04 6.720e-03 -1.000 1.527e-02 -3.281 -3.231 -2.992 -2.914 -2.900 -2.877 -2.812 -2.798 -2.777
0.0152 0.01508 8.00000 5.0770883560 2.6144580841    5.076  3.218  4.0132  2.930    2  0.000  0.538     0.00     0.00     0.00     0.00     0.00 -1    -1e-30      0.00 7.092e-01 2.755e-01 2.710e-03 7.399e-04 6.720e-03 -1.000 1.527e-02 -3.275 -3.238 -3.037 -2.965 -2.955 -2.937 -2.886 -2.876 -2.859
0.0152 0.01508 8.00000 5.0772867203 2.6144590378    5.077  3.215  4.0012  2.885    2  0.000  0.538     0.00     0.00     0.00     0.00     0.00 -1    -1e-30      0.00 7.092e-01 2.755e-01 2.710e-03 7.399e-04 6.720e-03 -1.000 1.527e-02 -3.268 -3.240 -3.077 -3.013 -3.007 -2.995 -2.958 -2.953 -2.938
0.0152 0.01508 8.00000 5.0774760246 2.6144599915    5.077  3.212  3.9891  2.841    2  0.000  0.538     0.00     0.00     0.00     0.00     0.00 -1    -1e-30      0.00 7.092e-01 2.755e-01 2.710e-03 7.399e-04 6.720e-03 -1.000 1.527e-02 -3.259 -3.237 -3.113 -3.058 -3.056 -3.050 -3.028 -3.027 -3.016
0.0152 0.01508 8.00000 5.0776567459 2.6144609451    5.077  3.207  3.9771  2.797    2  0.000  0.538     0.00     0.00     0.00     0.00     0.00 -1    -1e-30      0.00 7.092e-01 2.755e-01 2.710e-03 7.399e-04 6.720e-03 -1.000 1.527e-02 -3.249 -3.228 -3.144 -3.100 -3.102 -3.103 -3.097 -3.101 -3.094
0.0152 0.01508 8.00000 5.0778293610 2.6144618988    5.077  3.203  3.9651  2.753    2  0.000  0.538     0.00     0.00     0.00     0.00     0.00 -1    -1e-30      0.00 7.092e-01 2.755e-01 2.710e-03 7.399e-04 6.720e-03 -1.000 1.527e-02 -3.237 -3.213 -3.170 -3.137 -3.146 -3.154 -3.164 -3.174 -3.170
0.0152 0.01508 8.00000 5.0779929161 2.6144626141    5.077  3.198  3.9530  2.710    2  0.000  0.538     0.00     0.00     0.00     0.00     0.00 -1    -1e-30      0.00 7.092e-01 2.755e-01 2.710e-03 7.399e-04 6.720e-03 -1.000 1.527e-02 -3.224 -3.193 -3.190 -3.171 -3.186 -3.202 -3.230 -3.246 -3.246
0.0152 0.01508 8.00000 5.0781483650 2.6144633293    5.078  3.192  3.9409  2.667    2  0.000  0.538     0.00     0.00     0.00     0.00     0.00 -1    -1e-30      0.00 7.092e-01 2.755e-01 2.710e-03 7.399e-04 6.720e-03 -1.000 1.527e-02 -3.210 -3.164 -3.202 -3.199 -3.223 -3.249 -3.294 -3.316 -3.320
0.0152 0.01508 8.00000 5.0782957077 2.6144640446    5.078  3.186  3.9289  2.625    2  0.000  0.538     0.00     0.00     0.00     0.00     0.00 -1    -1e-30      0.00 7.092e-01 2.755e-01 2.710e-03 7.399e-04 6.720e-03 -1.000 1.527e-02 -3.195 -3.124 -3.203 -3.221 -3.255 -3.291 -3.356 -3.387 -3.394
0.0152 0.01508 8.00000 5.0784349442 2.6144647598    5.078  3.180  3.9168  2.583    2  0.000  0.538     0.00     0.00     0.00     0.00     0.00 -1    -1e-30      0.00 7.092e-01 2.755e-01 2.710e-03 7.399e-04 6.720e-03 -1.000 1.527e-02 -3.179 -3.073 -3.190 -3.233 -3.281 -3.331 -3.416 -3.457 -3.468
0.0152 0.01508 8.00000 5.0785665512 2.6144654751    5.078  3.173  3.9047  2.541    2  0.000  0.538     0.00     0.00     0.00     0.00     0.00 -1    -1e-30      0.00 7.092e-01 2.755e-01 2.710e-03 7.399e-04 6.720e-03 -1.000 1.527e-02 -3.162 -3.018 -3.166 -3.237 -3.302 -3.367 -3.474 -3.527 -3.541
0.0152 0.01508 8.00000 5.0786910057 2.6144661903    5.078  3.166  3.8926  2.500    2  0.000  0.538     0.00     0.00     0.00     0.00     0.00 -1    -1e-30      0.00 7.092e-01 2.755e-01 2.710e-03 7.399e-04 6.720e-03 -1.000 1.527e-02 -3.145 -2.958 -3.133 -3.235 -3.319 -3.400 -3.530 -3.597 -3.614
0.0152 0.01508 8.00000 5.0788087845 2.6144666672    5.078  3.159  3.8805  2.459    2  0.000  0.538     0.00     0.00     0.00     0.00     0.00 -1    -1e-30      0.00 7.092e-01 2.755e-01 2.710e-03 7.399e-04 6.720e-03 -1.000 1.527e-02 -3.127 -2.895 -3.086 -3.225 -3.331 -3.431 -3.585 -3.667 -3.687
0.0152 0.01508 8.00000 5.0789194107 2.6144671440    5.078  3.151  3.8683  2.418    2  0.000  0.538     0.00     0.00     0.00     0.00     0.00 -1    -1e-30      0.00 7.092e-01 2.755e-01 2.710e-03 7.399e-04 6.720e-03 -1.000 1.527e-02 -3.108 -2.830 -3.027 -3.210 -3.340 -3.461 -3.639 -3.739 -3.761
0.0152 0.01508 8.00000 5.0790247917 2.6144678593    5.078  3.144  3.8562  2.377    2  0.000  0.538     0.00     0.00     0.00     0.00     0.00 -1    -1e-30      0.00 7.092e-01 2.755e-01 2.710e-03 7.399e-04 6.720e-03 -1.000 1.527e-02 -3.089 -2.761 -2.959 -3.190 -3.347 -3.490 -3.692 -3.811 -3.836
0.0152 0.01508 8.00000 5.0791239738 2.6144683361    5.078  3.136  3.8441  2.336    2  0.000  0.538     0.00     0.00     0.00     0.00     0.00 -1    -1e-30      0.00 7.092e-01 2.755e-01 2.710e-03 7.399e-04 6.720e-03 -1.000 1.527e-02 -3.070 -2.688 -2.884 -3.165 -3.350 -3.515 -3.743 -3.883 -3.909
0.0152 0.01508 8.00000 5.0792179108 2.6144688129    5.079  3.128  3.8320  2.296    2  0.000  0.538     0.00     0.00     0.00     0.00     0.00 -1    -1e-30      0.00 7.092e-01 2.755e-01 2.710e-03 7.399e-04 6.720e-03 -1.000 1.527e-02 -3.050 -2.610 -2.805 -3.137 -3.349 -3.537 -3.791 -3.954 -3.983
0.0152 0.01508 8.00000 5.0793070793 2.6144690514    5.079  3.120  3.8199  2.256    2  0.000  0.538     0.00     0.00     0.00     0.00     0.00 -1    -1e-30      0.00 7.092e-01 2.755e-01 2.710e-03 7.399e-04 6.720e-03 -1.000 1.527e-02 -3.029 -2.523 -2.722 -3.103 -3.343 -3.555 -3.837 -4.023 -4.055
0.0152 0.01508 8.00000 5.0793914795 2.6144695282    5.079  3.111  3.8078  2.216    2  0.000  0.538     0.00     0.00     0.00     0.00     0.00 -1    -1e-30      0.00 7.092e-01 2.755e-01 2.710e-03 7.399e-04 6.720e-03 -1.000 1.527e-02 -3.008 -2.422 -2.633 -3.068 -3.336 -3.571 -3.882 -4.093 -4.127
0.0152 0.01508 8.00000 5.0794715881 2.6144700050    5.079  3.103  3.7957  2.175    2  0.000  0.538     0.00     0.00     0.00     0.00     0.00 -1    -1e-30      0.00 7.092e-01 2.755e-01 2.710e-03 7.399e-04 6.720e-03 -1.000 1.527e-02 -2.987 -2.309 -2.536 -3.028 -3.326 -3.584 -3.924 -4.160 -4.199
0.0152 0.01508 8.00000 5.0795474052 2.6144702435    5.079  3.094  3.7836  2.136    2  0.000  0.538     0.00     0.00     0.00     0.00     0.00 -1    -1e-30      0.00 7.092e-01 2.755e-01 2.710e-03 7.399e-04 6.720e-03 -1.000 1.527e-02 -2.966 -2.183 -2.433 -2.986 -3.313 -3.594 -3.965 -4.228 -4.271
0.0152 0.01508 8.00000 5.0796198845 2.6144707203    5.079  3.086  3.7715  2.096    2  0.000  0.538     0.00     0.00     0.00     0.00     0.00 -1    -1e-30      0.00 7.092e-01 2.755e-01 2.710e-03 7.399e-04 6.720e-03 -1.000 1.527e-02 -2.944 -2.034 -2.320 -2.938 -3.297 -3.603 -4.005 -4.297 -4.344
0.0152 0.01508 8.00000 5.0796890259 2.6144709587    5.079  3.077  3.7595  2.057    2  0.000  0.538     0.00     0.00     0.00     0.00     0.00 -1    -1e-30      0.00 7.092e-01 2.755e-01 2.710e-03 7.399e-04 6.720e-03 -1.000 1.527e-02 -2.921 -1.873 -2.204 -2.886 -3.276 -3.605 -4.041 -4.363 -4.414
0.0152 0.01508 8.00000 5.0797548294 2.6144714355    5.079  3.067  3.7478  2.020    2  0.000  0.538     0.00     0.00     0.00     0.00     0.00 -1    -1e-30      0.00 7.092e-01 2.755e-01 2.710e-03 7.399e-04 6.720e-03 -1.000 1.527e-02 -2.898 -1.699 -2.090 -2.831 -3.250 -3.601 -4.071 -4.423 -4.477
0.0152 0.01508 8.00000 5.0798201561 2.6144716740    5.079  3.058  3.7365  1.984    2  0.000  0.538     0.00     0.00     0.00     0.00     0.00 -1    -1e-30      0.00 7.092e-01 2.755e-01 2.710e-03 7.399e-04 6.720e-03 -1.000 1.527e-02 -2.874 -1.515 -1.974 -2.772 -3.219 -3.591 -4.095 -4.477 -4.533
0.0152 0.01508 8.00000 5.0798892975 2.6144721508    5.079  3.046  3.7254  1.951    2  0.000  0.538     0.00     0.00     0.00     0.00     0.00 -1    -1e-30      0.00 7.092e-01 2.755e-01 2.710e-03 7.399e-04 6.720e-03 -1.000 1.527e-02 -2.846 -1.315 -1.850 -2.706 -3.181 -3.573 -4.112 -4.524 -4.583
0.0152 0.01508 8.00000 5.0799660683 2.6144723892    5.079  3.033  3.7148  1.922    2  0.000  0.538     0.00     0.00     0.00     0.00     0.00 -1    -1e-30      0.00 7.092e-01 2.755e-01 2.710e-03 7.399e-04 6.720e-03 -1.000 1.527e-02 -2.812 -1.103 -1.721 -2.633 -3.134 -3.546 -4.120 -4.561 -4.623
0.0152 0.01508 8.00000 5.0800623894 2.6144728661    5.079  3.015  3.7049  1.900    2  0.000  0.538     0.00     0.00     0.00     0.00     0.00 -1    -1e-30      0.00 7.092e-01 2.755e-01 2.710e-03 7.399e-04 6.720e-03 -1.000 1.527e-02 -2.767 -0.878 -1.583 -2.546 -3.073 -3.503 -4.111 -4.581 -4.646
0.0152 0.01508 8.00000 5.0801749229 2.6144735813    5.080  2.993  3.6961  1.887    2  0.000  0.538     0.00     0.00     0.00     0.00     0.00 -1    -1e-30      0.00 7.092e-01 2.755e-01 2.710e-03 7.399e-04 6.720e-03 -1.000 1.527e-02 -2.711 -0.653 -1.444 -2.450 -3.000 -3.446 -4.086 -4.581 -4.650
0.0152 0.01508 8.00000 5.0802998543 2.6144740582    5.080  2.968  3.6874  1.877    2  0.000  0.538     0.00     0.00     0.00     0.00     0.00 -1    -1e-30      0.00 7.092e-01 2.755e-01 2.710e-03 7.399e-04 6.720e-03 -1.000 1.527e-02 -2.651 -0.416 -1.297 -2.346 -2.920 -3.382 -4.055 -4.575 -4.648
0.0152 0.01508 8.00000 5.0804362297 2.6144747734    5.080  2.949  3.6787  1.862    2  0.000  0.538     0.00     0.00     0.00     0.00     0.00 -1    -1e-30      0.00 7.092e-01 2.755e-01 2.710e-03 7.399e-04 6.720e-03 -1.000 1.527e-02 -2.602 -0.231 -1.161 -2.256 -2.851 -3.327 -4.030 -4.568 -4.650
0.0152 0.01508 8.00000 5.0805330276 2.6144752502    5.080  2.942  3.6728  1.845    2  0.000  0.538     0.00     0.00     0.00     0.00     0.00 -1    -1e-30      0.00 7.092e-01 2.755e-01 2.710e-03 7.399e-04 6.720e-03 -1.000 1.527e-02 -2.585 -0.092 -1.080 -2.205 -2.817 -3.304 -4.030 -4.584 -4.670
0.0152 0.01508 8.00000 5.0806326866 2.6144757271    5.080  2.954  3.6667  1.808    3  0.000  0.538     5.39     4.91     3.66     2.64     2.16  4    -1e-30      0.00 7.092e-01 2.755e-01 2.710e-03 7.399e-04 6.720e-03 -1.000 1.527e-02 -2.616 0.011 -1.040 -2.199 -2.828 -3.328 -4.078 -4.646 -4.739
0.0152 0.01508 8.00000 5.0807676315 2.6144764423    5.080  2.986  3.6583  1.743    3  0.000  0.538     6.19     5.53     4.09     2.95     2.42  4    -1e-30      0.00 7.092e-01 2.755e-01 2.709e-03 7.400e-04 6.720e-03 -1.000 1.527e-02 -2.695 0.117 -1.017 -2.225 -2.878 -3.395 -4.179 -4.767 -4.869
0.0152 0.01508 8.00000 5.0808777809 2.6144769192    5.080  3.027  3.6515  1.675    3  0.000  0.536     7.16     6.25     4.60     3.33     2.73  4    -1e-30      0.00 7.092e-01 2.756e-01 2.703e-03 7.415e-04 6.720e-03 -1.000 1.527e-02 -2.798 0.158 -1.035 -2.283 -2.955 -3.487 -4.298 -4.901 -5.011
0.0152 0.01508 8.00000 5.0809674263 2.6144773960    5.080  3.065  3.6465  1.617    3  0.000  0.531     8.10     6.94     5.08     3.68     3.02  4    -1e-30      0.00 7.091e-01 2.756e-01 2.678e-03 7.517e-04 6.720e-03 -1.000 1.528e-02 -2.891 0.173 -1.064 -2.342 -3.028 -3.571 -4.403 -5.017 -5.134
0.0152 0.01508 8.00000 5.0810575485 2.6144778728    5.080  3.100  3.6422  1.565    3  0.000  0.518     9.06     7.63     5.57     4.04     3.32  4    -1e-30      0.00 7.091e-01 2.756e-01 2.613e-03 7.987e-04 6.720e-03 -1.000 1.527e-02 -2.981 0.175 -1.097 -2.401 -3.098 -3.651 -4.502 -5.124 -5.248
0.0152 0.01508 8.00000 5.0811786652 2.6144785881    5.081  3.140  3.6378  1.507    3  0.000  0.491    10.26     8.48     6.15     4.47     3.67  4    -1e-30      0.00 7.091e-01 2.756e-01 2.476e-03 9.377e-04 6.720e-03 -1.000 1.530e-02 -3.081 0.168 -1.139 -2.469 -3.177 -3.741 -4.611 -5.242 -5.373
0.0152 0.01508 8.00000 5.0812282562 2.6144788265    5.081  3.152  3.6365  1.490    3  0.000  0.482    10.63     8.73     6.33     4.60     3.78  4    -1e-30      0.00 7.090e-01 2.756e-01 2.428e-03 9.950e-04 6.720e-03 -1.000 1.532e-02 -3.110 0.173 -1.150 -2.488 -3.199 -3.767 -4.643 -5.276 -5.409
0.0152 0.01508 8.00000 5.0813393593 2.6144793034    5.081  3.175  3.6341  1.458    3  0.000  0.463    11.39     9.26     6.70     4.87     4.00  4    -1e-30      0.00 7.090e-01 2.757e-01 2.331e-03 1.113e-03 6.720e-03 -1.000 1.531e-02 -3.167 0.191 -1.170 -2.523 -3.243 -3.819 -4.705 -5.346 -5.482
0.0152 0.01508 8.00000 5.0813689232 2.6144793034    5.081  3.179  3.6336  1.451    3  0.000  0.459    11.54     9.37     6.77     4.93     4.05  4    -1e-30      0.00 7.090e-01 2.757e-01 2.313e-03 1.136e-03 6.720e-03 -1.000 1.531e-02 -3.177 0.195 -1.174 -2.530 -3.252 -3.829 -4.717 -5.359 -5.496
0.0152 0.01508 8.00000 5.0817217827 2.6144812107    5.081  3.221  3.6291  1.392    3  0.000  0.427    13.11    10.44     7.51     5.47     4.50  4    -1e-30      0.00 7.089e-01 2.758e-01 2.154e-03 1.331e-03 6.720e-03 -1.000 1.536e-02 -3.282 0.228 -1.212 -2.595 -3.334 -3.925 -4.833 -5.488 -5.630
0.0152 0.01508 8.00000 5.0821557045 2.6144833565    5.082  3.264  3.6247  1.331    3  0.000  0.404    14.92    11.65     8.33     6.09     5.00  4    -1e-30      0.00 7.088e-01 2.758e-01 2.037e-03 1.478e-03 6.717e-03 -1.000 1.537e-02 -3.390 0.259 -1.250 -2.660 -3.416 -4.022 -4.951 -5.619 -5.766
0.0152 0.01508 8.00000 5.0825972557 2.6144855022    5.082  3.305  3.6207  1.274    3  0.000  0.393    16.87    12.92     9.20     6.73     5.53  4    -1e-30      0.00 7.074e-01 2.772e-01 1.954e-03 1.663e-03 6.622e-03 -1.000 1.537e-02 -3.493 0.285 -1.289 -2.725 -3.496 -4.117 -5.063 -5.743 -5.896
0.0152 0.01508 8.00000 5.0830750465 2.6144878864    5.082  3.349  3.6167  1.214    3  0.000  0.390    19.17    14.39    10.20     7.47     6.14  4    -1e-30      0.00 7.033e-01 2.814e-01 1.883e-03 1.907e-03 6.442e-03 -1.000 1.537e-02 -3.603 0.304 -1.332 -2.792 -3.580 -4.217 -5.182 -5.873 -6.031
0.0152 0.01508 8.00000 5.0835528374 2.6144902706    5.083  3.393  3.6130  1.155    3  0.000  0.389    21.71    16.00    11.29     8.28     6.81  4    -1e-30      0.00 6.972e-01 2.874e-01 1.826e-03 2.134e-03 6.263e-03 -1.000 1.536e-02 -3.712 0.319 -1.377 -2.861 -3.664 -4.316 -5.299 -6.000 -6.164
0.0152 0.01508 8.00000 5.0840306282 2.6144926548    5.083  3.436  3.6094  1.098    3  0.000  0.388    24.56    17.76    12.47     9.16     7.54  4    -1e-30      0.00 6.907e-01 2.940e-01 1.782e-03 2.317e-03 6.117e-03 -1.000 1.534e-02 -3.820 0.332 -1.423 -2.929 -3.747 -4.415 -5.415 -6.127 -6.296
0.0152 0.01508 8.00000 5.0844802856 2.6144948006    5.084  3.474  3.6062  1.047    3  0.000  0.388    27.38    19.47    13.61    10.02     8.24  4    -1e-30      0.00 6.853e-01 2.993e-01 1.752e-03 2.441e-03 6.017e-03 -1.000 1.534e-02 -3.915 0.341 -1.461 -2.986 -3.818 -4.502 -5.518 -6.238 -6.412
0.0152 0.01508 8.00000 5.0851554871 2.6144981384    5.085  3.506  3.6035  1.004    3  0.000  0.388    30.02    21.05    14.67    10.80     8.89  4    -1e-30      0.00 6.814e-01 3.033e-01 1.733e-03 2.523e-03 5.952e-03 -1.000 1.533e-02 -3.996 0.350 -1.493 -3.034 -3.878 -4.575 -5.604 -6.332 -6.510
0.0152 0.01508 8.00000 5.0862259865 2.6145036221    5.086  3.525  3.6020  0.979    3  0.000  0.388    31.61    21.99    15.29    11.27     9.28  4    -1e-30      0.00 6.799e-01 3.048e-01 1.726e-03 2.552e-03 5.928e-03 -1.000 1.531e-02 -4.042 0.356 -1.510 -3.061 -3.912 -4.617 -5.653 -6.385 -6.566
0.0152 0.01508 8.00000 5.0884633064 2.6145145893    5.088  3.515  3.6030  0.994    3  0.000  0.388    30.68    21.44    14.93    11.00     9.05  4    -1e-30      0.00 6.799e-01 3.048e-01 1.726e-03 2.552e-03 5.928e-03 -1.000 1.531e-02 -4.017 0.347 -1.505 -3.049 -3.896 -4.595 -5.627 -6.356 -6.535
0.0152 0.01508 8.00000 5.0955672264 2.6145498753    5.095  3.477  3.6068  1.047    4  0.000  0.388     0.00     0.00     0.00     0.00     0.00 -1    -1e-30      0.00 6.799e-01 3.048e-01 1.726e-03 2.552e-03 5.928e-03 -1.000 1.531e-02 -3.923 0.320 -1.478 -3.001 -3.830 -4.511 -5.524 -6.242 -6.415
0.0152 0.01508 8.00000 5.0999455452 2.6145715714    5.099  3.445  3.6099  1.092    4  0.000  0.388     0.00     0.00     0.00     0.00     0.00 -1    -1e-30      0.00 6.799e-01 3.048e-01 1.726e-03 2.552e-03 5.928e-03 -1.000 1.531e-02 -3.843 0.300 -1.454 -2.959 -3.775 -4.440 -5.438 -6.147 -6.316
0.0152 0.01508 8.00000 5.1034975052 2.6145889759    5.103  3.412  3.6130  1.138    4  0.000  0.388     0.00     0.00     0.00     0.00     0.00 -1    -1e-30      0.00 6.799e-01 3.048e-01 1.726e-03 2.552e-03 5.928e-03 -1.000 1.531e-02 -3.760 0.279 -1.424 -2.910 -3.713 -4.365 -5.348 -6.048 -6.212
0.0152 0.01508 8.00000 5.1068806648 2.6146056652    5.106  3.377  3.6164  1.187    4  0.000  0.388     0.00     0.00     0.00     0.00     0.00 -1    -1e-30      0.00 6.799e-01 3.048e-01 1.726e-03 2.552e-03 5.928e-03 -1.000 1.531e-02 -3.672 0.259 -1.392 -2.858 -3.647 -4.285 -5.253 -5.943 -6.103
0.0152 0.01508 8.00000 5.1102266312 2.6146221161    5.110  3.340  3.6199  1.238    4  0.000  0.388     0.00     0.00     0.00     0.00     0.00 -1    -1e-30      0.00 6.799e-01 3.048e-01 1.726e-03 2.552e-03 5.928e-03 -1.000 1.531e-02 -3.581 0.238 -1.359 -2.804 -3.579 -4.203 -5.154 -5.834 -5.989
0.0152 0.01508 8.00000 5.1135435104 2.6146383286    5.113  3.304  3.6233  1.288    4  0.000  0.388     0.00     0.00     0.00     0.00     0.00 -1    -1e-30      0.00 6.799e-01 3.048e-01 1.726e-03 2.552e-03 5.928e-03 -1.000 1.531e-02 -3.491 0.215 -1.325 -2.748 -3.509 -4.121 -5.056 -5.727 -5.876
0.0152 0.01508 8.00000 5.1174831390 2.6146576405    5.117  3.265  3.6273  1.344    4  0.000  0.388     0.00     0.00     0.00     0.00     0.00 -1    -1e-30      0.00 6.799e-01 3.047e-01 1.726e-03 2.551e-03 5.928e-03 -1.000 1.531e-02 -3.392 0.188 -1.289 -2.687 -3.433 -4.030 -4.947 -5.606 -5.751
0.0152 0.01508 8.00000 5.1230635643 2.6146850586    5.123  3.217  3.6324  1.412    4  0.000  0.388     0.00     0.00     0.00     0.00     0.00 -1    -1e-30      0.00 6.800e-01 3.047e-01 1.726e-03 2.551e-03 5.928e-03 -1.000 1.531e-02 -3.273 0.149 -1.248 -2.615 -3.341 -3.922 -4.816 -5.461 -5.599
0.0152 0.01508 8.00000 5.1290917397 2.6147143841    5.129  3.178  3.6371  1.470    4  0.000  0.388     0.00     0.00     0.00     0.00     0.00 -1    -1e-30      0.00 6.800e-01 3.047e-01 1.726e-03 2.551e-03 5.928e-03 -1.000 1.531e-02 -3.176 0.102 -1.222 -2.559 -3.269 -3.835 -4.708 -5.339 -5.472
0.0152 0.01508 8.00000 5.1397032738 2.6147661209    5.139  3.138  3.6441  1.539    4  0.000  0.388     0.00     0.00     0.00     0.00     0.00 -1    -1e-30      0.00 6.800e-01 3.047e-01 1.726e-03 2.551e-03 5.928e-03 -1.000 1.531e-02 -3.075 0.032 -1.214 -2.512 -3.201 -3.748 -4.592 -5.205 -5.329
0.0152 0.01508 8.00000 5.1485905647 2.6148090363    5.148  3.125  3.6492  1.573    4  0.000  0.388     0.00     0.00     0.00     0.00     0.00 -1    -1e-30      0.00 6.800e-01 3.047e-01 1.726e-03 2.551e-03 5.928e-03 -1.000 1.531e-02 -3.044 -0.053 -1.248 -2.519 -3.193 -3.728 -4.549 -5.149 -5.266
0.0152 0.01508 8.00000 5.1561131477 2.6148452759    5.156  3.144  3.6553  1.579    4  0.000  0.388     0.00     0.00     0.00     0.00     0.00 -1    -1e-30      0.00 6.800e-01 3.046e-01 1.727e-03 2.550e-03 5.928e-03 -1.000 1.531e-02 -3.090 -0.239 -1.368 -2.610 -3.266 -3.785 -4.581 -5.163 -5.274
0.0152 0.01508 8.00000 5.1619162560 2.6148731709    5.162  3.168  3.6616  1.581    5  0.000  0.388     0.00     0.00     0.00     0.00     0.00 -1    -1e-30      0.00 6.801e-01 3.046e-01 1.727e-03 2.550e-03 5.928e-03 -1.000 1.531e-02 -3.151 -0.445 -1.503 -2.716 -3.352 -3.856 -4.626 -5.188 -5.294
0.0152 0.01508 8.00000 5.1651234627 2.6148886681    5.165  3.196  3.6684  1.581    5  0.000  0.388     0.00     0.00     0.00     0.00     0.00 -1    -1e-30      0.00 6.801e-01 3.046e-01 1.727e-03 2.550e-03 5.928e-03 -1.000 1.531e-02 -3.219 -0.612 -1.643 -2.822 -3.445 -3.936 -4.680 -5.229 -5.325
0.0152 0.01508 8.00000 5.1669325829 2.6148972511    5.167  3.217  3.6747  1.585    5  0.000  0.388     0.00     0.00     0.00     0.00     0.00 -1    -1e-30      0.00 6.801e-01 3.046e-01 1.727e-03 2.550e-03 5.928e-03 -1.000 1.531e-02 -3.271 -0.747 -1.757 -2.906 -3.516 -3.998 -4.717 -5.255 -5.343
0.0152 0.01508 8.00000 5.1685724258 2.6149051189    5.168  3.236  3.6822  1.596    5  0.000  0.388     0.00     0.00     0.00     0.00     0.00 -1    -1e-30      0.00 6.801e-01 3.046e-01 1.727e-03 2.550e-03 5.928e-03 -1.000 1.531e-02 -3.321 -0.901 -1.880 -2.991 -3.585 -4.057 -4.747 -5.271 -5.350
0.0152 0.01508 8.00000 5.1697440147 2.6149108410    5.169  3.250  3.6903  1.615    5  0.000  0.388     0.00     0.00     0.00     0.00     0.00 -1    -1e-30      0.00 6.801e-01 3.046e-01 1.727e-03 2.550e-03 5.928e-03 -1.000 1.531e-02 -3.354 -1.085 -1.996 -3.065 -3.638 -4.096 -4.756 -5.261 -5.332
0.0152 0.01508 8.00000 5.1706871986 2.6149151325    5.170  3.260  3.6984  1.637    5  0.000  0.388     0.00     0.00     0.00     0.00     0.00 -1    -1e-30      0.00 6.801e-01 3.046e-01 1.727e-03 2.550e-03 5.928e-03 -1.000 1.531e-02 -3.379 -1.278 -2.103 -3.129 -3.680 -4.123 -4.753 -5.235 -5.303
0.0152 0.01508 8.00000 5.1715617180 2.6149194241    5.171  3.268  3.7068  1.663    5  0.000  0.388     0.00     0.00     0.00     0.00     0.00 -1    -1e-30      0.00 6.801e-01 3.046e-01 1.727e-03 2.550e-03 5.928e-03 -1.000 1.531e-02 -3.400 -1.465 -2.206 -3.187 -3.716 -4.144 -4.743 -5.201 -5.266
0.0152 0.01508 8.00000 5.1724228859 2.6149234772    5.172  3.275  3.7155  1.691    5  0.000  0.388     0.00     0.00     0.00     0.00     0.00 -1    -1e-30      0.00 6.801e-01 3.046e-01 1.727e-03 2.550e-03 5.928e-03 -1.000 1.531e-02 -3.417 -1.642 -2.307 -3.241 -3.747 -4.159 -4.728 -5.162 -5.224
0.0152 0.01508 8.00000 5.1733560562 2.6149280071    5.173  3.281  3.7245  1.720    5  0.000  0.388     0.00     0.00     0.00     0.00     0.00 -1    -1e-30      0.00 6.801e-01 3.046e-01 1.727e-03 2.550e-03 5.928e-03 -1.000 1.531e-02 -3.434 -1.818 -2.409 -3.293 -3.775 -4.170 -4.709 -5.118 -5.178
0.0152 0.01508 8.00000 5.1744446754 2.6149332523    5.174  3.288  3.7342  1.753    5  0.000  0.388     0.00     0.00     0.00     0.00     0.00 -1    -1e-30      0.00 6.801e-01 3.046e-01 1.727e-03 2.550e-03 5.928e-03 -1.000 1.531e-02 -3.450 -1.990 -2.513 -3.343 -3.801 -4.178 -4.686 -5.069 -5.127
0.0152 0.01508 8.00000 5.1757044792 2.6149392128    5.175  3.294  3.7433  1.783    5  0.000  0.388     0.00     0.00     0.00     0.00     0.00 -1    -1e-30      0.00 6.801e-01 3.046e-01 1.727e-03 2.550e-03 5.928e-03 -1.000 1.531e-02 -3.464 -2.143 -2.607 -3.388 -3.821 -4.181 -4.662 -5.020 -5.077
0.0152 0.01508 8.00000 5.1776351929 2.6149485111    5.177  3.300  3.7524  1.814    5  0.000  0.388     0.00     0.00     0.00     0.00     0.00 -1    -1e-30      0.00 6.801e-01 3.046e-01 1.727e-03 2.550e-03 5.928e-03 -1.000 1.531e-02 -3.479 -2.291 -2.699 -3.430 -3.839 -4.181 -4.636 -4.971 -5.024
0.0152 0.01508 8.00000 5.1810727119 2.6149647236    5.181  3.306  3.7612  1.843    5  0.000  0.388     0.00     0.00     0.00     0.00     0.00 -1    -1e-30      0.00 6.801e-01 3.046e-01 1.727e-03 2.550e-03 5.928e-03 -1.000 1.531e-02 -3.496 -2.426 -2.788 -3.470 -3.857 -4.182 -4.612 -4.925 -4.976
