# File generated by CMD 3.6 (http://stev.oapd.inaf.it/cmd) on Wed Apr  6 01:22:48 CEST 2022
# isochrones based on PARSEC release v1.2S +  COLIBRI S_37 + S_35 + PR16
# Basic references: Bressan et al. (2012), MNRAS, 427, 127 + Chen et al. (2014, 2015), MNRAS, 444, 2525 + MNRAS, 452, 1068 + Tang et al. (2014), MNRAS, 445, 4287 + Marigo et al. (2017), ApJ, 835, 77 + Pastorelli al. (2019), MNRAS, 485, 5666 + Pastorelli al. (2020), MNRAS, in press
# Thermal pulse cycles included 
# On RGB, assumed Reimers mass loss with efficiency eta=0.2
# LPV periods and growth rates added cf. Trabucchi et al. (2019)
# but fundamental-mode LPV periods are from Trabucchi et al. (2021)
# Photometric system: <i>UBVRIJHK</i> (cf. Maiz-Apellaniz 2006 + Bessell 1990)
# Using YBC version of bolometric corrections as in Chen et al. (2019)
# O-rich circumstellar dpmod60alox40 dust from Groenewegen (2006)
# C-rich circumstellar AMCSIC15 dust from Groenewegen (2006)
# IMF: Kroupa (2001, 2002) + Kroupa et al. (2013) canonical two-part-power law IMF corrected for unresolved binaries 
# Kind of output: isochrone tables
# Zini     MH   logAge Mini        int_IMF         Mass   logL    logTe  logg  label   McoreTP C_O  period0  period1  period2  period3  period4  pmode  Mloss  tau1m   X   Y   Xc  Xn  Xo  Cexcess  Z 	 mbolmag  Umag    Bmag    Vmag    Rmag    Imag    Jmag    Hmag    Kmag
0.0152 0.01508 9.54407 0.0900000036 1.0816895962    0.090 -3.424  3.3622  5.217    1  0.000  0.545     0.00     0.00     0.00     0.00     0.00 -1 -3.89e-17      0.00 7.088e-01 2.759e-01 2.746e-03 7.408e-04 6.719e-03 -1.000 1.527e-02 13.330 22.607 19.983 18.146 15.992 13.742 11.240 10.625 10.336
0.0152 0.01508 9.54407 0.0940443873 1.1193388700    0.094 -3.348  3.3730  5.203    1  0.000  0.545     0.00     0.00     0.00     0.00     0.00 -1 -4.61e-17      0.00 7.088e-01 2.760e-01 2.746e-03 7.408e-04 6.719e-03 -1.000 1.527e-02 13.140 22.390 19.782 17.948 15.800 13.552 11.050 10.435 10.145
0.0152 0.01508 9.54407 0.1000000015 1.1711064577    0.100 -3.242  3.3881  5.184    1  0.000  0.545     0.00     0.00     0.00     0.00     0.00 -1 -5.84e-17      0.00 7.087e-01 2.760e-01 2.746e-03 7.408e-04 6.719e-03 -1.000 1.527e-02 12.874 22.087 19.500 17.672 15.530 13.286 10.784 10.171 9.878
0.0152 0.01508 9.54407 0.1200000122 1.3193155527    0.120 -2.977  3.4228  5.138    1  0.000  0.545     0.00     0.00     0.00     0.00     0.00 -1 -1.03e-16      0.00 7.083e-01 2.764e-01 2.746e-03 7.408e-04 6.719e-03 -1.000 1.527e-02 12.213 21.032 18.590 16.795 14.737 12.548 10.138 9.525 9.226
0.0152 0.01508 9.54407 0.1400000006 1.4384527206    0.140 -2.794  3.4431  5.102    1  0.000  0.545     0.00     0.00     0.00     0.00     0.00 -1 -1.52e-16      0.00 7.081e-01 2.766e-01 2.746e-03 7.408e-04 6.719e-03 -1.000 1.527e-02 11.754 19.480 17.370 15.663 13.844 11.826 9.727 9.111 8.812
0.0152 0.01508 9.54407 0.1599999964 1.5372931957    0.160 -2.653  3.4566  5.073    1  0.000  0.545     0.00     0.00     0.00     0.00     0.00 -1 -2.03e-16      0.00 7.078e-01 2.769e-01 2.746e-03 7.408e-04 6.719e-03 -1.000 1.527e-02 11.402 18.476 16.552 14.893 13.221 11.323 9.407 8.790 8.493
0.0152 0.01508 9.54407 0.2000000030 1.6938791275    0.200 -2.437  3.4754  5.029    1  0.000  0.545     0.00     0.00     0.00     0.00     0.00 -1 -3.15e-16      0.00 7.074e-01 2.773e-01 2.746e-03 7.408e-04 6.719e-03 -1.000 1.527e-02 10.862 17.144 15.435 13.835 12.344 10.613 8.913 8.293 8.005
0.0152 0.01508 9.54407 0.2500000000 1.8403258324    0.250 -2.232  3.4918  4.987    1  0.000  0.545     0.00     0.00     0.00     0.00     0.00 -1 -4.73e-16      0.00 7.070e-01 2.777e-01 2.746e-03 7.408e-04 6.719e-03 -1.000 1.527e-02 10.350 16.041 14.480 12.913 11.557 9.980 8.442 7.820 7.542
0.0152 0.01508 9.54407 0.3000000119 1.9529139996    0.300 -2.073  3.5026  4.950    1  0.000  0.545     0.00     0.00     0.00     0.00     0.00 -1 -5.69e-16      0.00 7.068e-01 2.780e-01 2.746e-03 7.408e-04 6.719e-03 -1.000 1.527e-02 9.952 15.316 13.832 12.298 11.015 9.522 8.069 7.445 7.176
0.0152 0.01508 9.54407 0.3348595500 2.0178811550    0.335 -1.961  3.5088  4.911    1  0.000  0.545     0.00     0.00     0.00     0.00     0.00 -1 -8.33e-16      0.00 7.087e-01 2.761e-01 2.746e-03 7.408e-04 6.719e-03 -1.000 1.527e-02 9.671 14.858 13.417 11.904 10.659 9.212 7.803 7.175 6.912
0.0152 0.01508 9.54407 0.3500000238 2.0434176922    0.350 -1.915  3.5112  4.894    0  0.000  0.545     0.00     0.00     0.00     0.00     0.00 -1 -9.24e-16      0.00 7.091e-01 2.757e-01 2.746e-03 7.408e-04 6.719e-03 -1.000 1.527e-02 9.557 14.676 13.251 11.746 10.516 9.086 7.693 7.065 6.803
0.0152 0.01508 9.54407 0.4000000358 2.1185026169    0.400 -1.773  3.5225  4.854    0  0.000  0.545     0.00     0.00     0.00     0.00     0.00 -1 -1.26e-15      0.00 7.091e-01 2.756e-01 2.746e-03 7.408e-04 6.719e-03 -1.000 1.527e-02 9.201 14.062 12.683 11.206 10.034 8.684 7.366 6.730 6.478
0.0152 0.01508 9.54407 0.4500000477 2.1822810173    0.450 -1.623  3.5345  4.804    1  0.000  0.545     0.00     0.00     0.00     0.00     0.00 -1 -1.77e-15      0.00 7.092e-01 2.755e-01 2.746e-03 7.408e-04 6.719e-03 -1.000 1.527e-02 8.828 13.458 12.109 10.661 9.543 8.270 7.022 6.378 6.135
0.0152 0.01508 9.54407 0.5000000000 2.2374541759    0.500 -1.468  3.5492  4.754    1  0.000  0.545     0.00     0.00     0.00     0.00     0.00 -1 -2.54e-15      0.00 7.092e-01 2.755e-01 2.746e-03 7.408e-04 6.719e-03 -1.000 1.527e-02 8.441 12.841 11.505 10.083 9.021 7.842 6.672 6.017 5.786
0.0152 0.01508 9.54407 0.5500000119 2.2836582661    0.550 -1.303  3.5681  4.706    1  0.000  0.545     0.00     0.00     0.00     0.00     0.00 -1 -3.74e-15      0.00 7.174e-01 2.677e-01 2.672e-03 7.210e-04 6.540e-03 -1.000 1.485e-02 8.028 12.194 10.843 9.441 8.437 7.388 6.311 5.642 5.428
0.0152 0.01508 9.54407 0.5812940001 2.3079724312    0.581 -1.198  3.5830  4.685    1  0.000  0.545     0.00     0.00     0.00     0.00     0.00 -1 -4.74e-15      0.00 7.182e-01 2.669e-01 2.666e-03 7.192e-04 6.524e-03 -1.000 1.482e-02 7.766 11.769 10.401 9.013 8.048 7.101 6.090 5.409 5.213
0.0152 0.01508 9.54407 0.6000000238 2.3211214542    0.600 -1.138  3.5915  4.672    1  0.000  0.545     0.00     0.00     0.00     0.00     0.00 -1 -5.44e-15      0.00 7.187e-01 2.665e-01 2.662e-03 7.183e-04 6.516e-03 -1.000 1.481e-02 7.616 11.532 10.152 8.778 7.833 6.940 5.962 5.274 5.091
0.0152 0.01508 9.54407 0.6499999762 2.3520355225    0.650 -0.973  3.6194  4.653    1  0.000  0.545     0.00     0.00     0.00     0.00     0.00 -1 -7.82e-15      0.00 7.199e-01 2.654e-01 2.652e-03 7.156e-04 6.492e-03 -1.000 1.478e-02 7.202 10.837 9.417 8.116 7.237 6.500 5.612 4.920 4.780
0.0152 0.01508 9.54407 0.7000000477 2.3779268265    0.700 -0.813  3.6484  4.642    1  0.000  0.545     0.00     0.00     0.00     0.00     0.00 -1  -1.1e-14      0.00 7.210e-01 2.644e-01 2.643e-03 7.133e-04 6.470e-03 -1.000 1.466e-02 6.803 9.990 8.642 7.463 6.670 6.084 5.287 4.631 4.530
0.0152 0.01508 9.54407 0.7012015581 2.3784968853    0.701 -0.809  3.6491  4.642    1  0.000  0.544     0.00     0.00     0.00     0.00     0.00 -1 -1.11e-14      0.00 7.210e-01 2.643e-01 2.642e-03 7.132e-04 6.470e-03 -1.000 1.466e-02 6.793 9.967 8.623 7.447 6.657 6.074 5.280 4.625 4.524
0.0152 0.01508 9.54407 0.7500000000 2.3998889923    0.750 -0.660  3.6771  4.634    1  0.000  0.537     0.00     0.00     0.00     0.00     0.00 -1 -1.53e-14      0.00 7.221e-01 2.632e-01 2.599e-03 7.098e-04 6.449e-03 -1.000 1.467e-02 6.421 8.948 7.885 6.851 6.171 5.683 4.991 4.423 4.341
0.0152 0.01508 9.54407 0.7587869167 2.4034063816    0.759 -0.635  3.6809  4.629    1  0.000  0.537     0.00     0.00     0.00     0.00     0.00 -1 -1.62e-14      0.00 7.224e-01 2.629e-01 2.596e-03 7.091e-04 6.443e-03 -1.000 1.466e-02 6.358 8.798 7.777 6.761 6.097 5.619 4.941 4.386 4.305
0.0152 0.01508 9.54407 0.8000000119 2.4187245369    0.800 -0.521  3.6984  4.608    1  0.000  0.537     0.00     0.00     0.00     0.00     0.00 -1  -2.1e-14      0.00 7.239e-01 2.616e-01 2.584e-03 7.060e-04 6.415e-03 -1.000 1.459e-02 6.073 8.149 7.308 6.370 5.772 5.332 4.713 4.209 4.138
0.0152 0.01508 9.54407 0.8368023038 2.4309470654    0.836 -0.422  3.7132  4.587    1  0.000  0.537     0.00     0.00     0.00     0.00     0.00 -1 -2.64e-14      0.00 7.253e-01 2.602e-01 2.573e-03 7.028e-04 6.386e-03 -1.000 1.451e-02 5.825 7.616 6.925 6.047 5.499 5.088 4.517 4.057 3.991
0.0152 0.01508 9.54407 0.8500000238 2.4350347519    0.850 -0.387  3.7183  4.580    1  0.000  0.537     0.00     0.00     0.00     0.00     0.00 -1 -2.86e-14      0.00 7.258e-01 2.597e-01 2.568e-03 7.017e-04 6.376e-03 -1.000 1.448e-02 5.738 7.433 6.794 5.937 5.406 5.003 4.449 4.003 3.940
0.0152 0.01508 9.54407 0.8502831459 2.4351208210    0.850 -0.386  3.7184  4.579    1  0.000  0.537     0.00     0.00     0.00     0.00     0.00 -1 -2.87e-14      0.00 7.258e-01 2.597e-01 2.568e-03 7.016e-04 6.376e-03 -1.000 1.448e-02 5.736 7.429 6.791 5.935 5.404 5.001 4.447 4.001 3.939
0.0152 0.01508 9.54407 0.9000000358 2.4492788315    0.899 -0.257  3.7363  4.546    1  0.000  0.537     0.00     0.00     0.00     0.00     0.00 -1  -3.9e-14      0.00 7.283e-01 2.573e-01 2.548e-03 6.961e-04 6.326e-03 -1.000 1.436e-02 5.413 6.800 6.332 5.545 5.065 4.692 4.193 3.795 3.739
0.0152 0.01508 9.54407 0.9145380855 2.4530856609    0.914 -0.220  3.7411  4.535    1  0.000  0.537     0.00     0.00     0.00     0.00     0.00 -1 -4.27e-14      0.00 7.292e-01 2.564e-01 2.540e-03 6.941e-04 6.308e-03 -1.000 1.433e-02 5.320 6.627 6.203 5.436 4.969 4.604 4.120 3.734 3.680
0.0152 0.01508 9.54407 0.9404690862 2.4595413208    0.940 -0.154  3.7493  4.515    1  0.000  0.537     0.00     0.00     0.00     0.00     0.00 -1 -5.01e-14      0.00 7.310e-01 2.548e-01 2.526e-03 6.903e-04 6.274e-03 -1.000 1.425e-02 5.156 6.314 5.980 5.247 4.806 4.454 3.994 3.626 3.576
0.0152 0.01508 9.54407 0.9500000477 2.4618122578    0.949 -0.130  3.7523  4.507    1  0.000  0.537     0.00     0.00     0.00     0.00     0.00 -1 -5.32e-14      0.00 7.316e-01 2.542e-01 2.521e-03 6.889e-04 6.261e-03 -1.000 1.422e-02 5.096 6.207 5.901 5.180 4.747 4.399 3.947 3.586 3.538
0.0152 0.01508 9.54407 0.9642237425 2.4651057720    0.964 -0.095  3.7564  4.494    1  0.000  0.537     0.00     0.00     0.00     0.00     0.00 -1 -5.82e-14      0.00 7.328e-01 2.530e-01 2.510e-03 6.862e-04 6.237e-03 -1.000 1.418e-02 5.006 6.054 5.785 5.081 4.658 4.317 3.876 3.524 3.478
0.0152 0.01508 9.54407 0.9860296249 2.4699435234    0.986 -0.040  3.7625  4.474    1  0.000  0.537     0.00     0.00     0.00     0.00     0.00 -1 -6.68e-14      0.00 7.348e-01 2.511e-01 2.494e-03 6.818e-04 6.198e-03 -1.000 1.411e-02 4.870 5.826 5.609 4.931 4.524 4.193 3.768 3.429 3.386
0.0152 0.01508 9.54407 1.0000000000 2.4729156494    1.000 -0.005  3.7663  4.460    1  0.000  0.536     0.00     0.00     0.00     0.00     0.00 -1  -7.3e-14      0.00 7.361e-01 2.498e-01 2.483e-03 6.789e-04 6.172e-03 -1.000 1.406e-02 4.783 5.686 5.499 4.836 4.440 4.114 3.699 3.369 3.328
0.0152 0.01508 9.54407 1.0134010315 2.4756782055    1.013  0.028  3.7697  4.446    1  0.000  0.536     0.00     0.00     0.00     0.00     0.00 -1  -7.8e-14      0.00 7.378e-01 2.482e-01 2.469e-03 6.751e-04 6.138e-03 -1.000 1.398e-02 4.700 5.556 5.394 4.746 4.358 4.038 3.632 3.310 3.270
0.0152 0.01508 9.54407 1.0345438719 2.4798698425    1.034  0.080  3.7748  4.423    1  0.000  0.536     0.00     0.00     0.00     0.00     0.00 -1 -8.66e-14      0.00 7.407e-01 2.454e-01 2.446e-03 6.687e-04 6.081e-03 -1.000 1.387e-02 4.569 5.359 5.232 4.607 4.232 3.920 3.528 3.216 3.178
0.0152 0.01508 9.54407 1.0499999523 2.4828116894    1.049  0.118  3.7783  4.406    1  0.000  0.536     0.00     0.00     0.00     0.00     0.00 -1 -9.36e-14      0.00 7.430e-01 2.433e-01 2.427e-03 6.638e-04 6.036e-03 -1.000 1.375e-02 4.474 5.218 5.115 4.506 4.139 3.834 3.451 3.147 3.111
0.0152 0.01508 9.54407 1.0614953041 2.4849357605    1.061  0.147  3.7808  4.392    1  0.000  0.536     0.00     0.00     0.00     0.00     0.00 -1  -9.9e-14      0.00 7.453e-01 2.411e-01 2.408e-03 6.587e-04 5.991e-03 -1.000 1.360e-02 4.403 5.118 5.029 4.431 4.071 3.769 3.392 3.094 3.059
0.0152 0.01508 9.54407 1.0805206299 2.4883372784    1.080  0.193  3.7847  4.369    1  0.000  0.536     0.00     0.00     0.00     0.00     0.00 -1 -1.09e-13      0.00 7.493e-01 2.372e-01 2.375e-03 6.498e-04 5.911e-03 -1.000 1.346e-02 4.287 4.960 4.891 4.310 3.959 3.663 3.296 3.005 2.972
0.0152 0.01508 9.54407 1.0982738733 2.4913895130    1.097  0.237  3.7881  4.346    1  0.000  0.536     0.00     0.00     0.00     0.00     0.00 -1 -1.19e-13      0.00 7.534e-01 2.333e-01 2.342e-03 6.408e-04 5.830e-03 -1.000 1.328e-02 4.179 4.817 4.764 4.198 3.854 3.564 3.205 2.921 2.889
0.0152 0.01508 9.54407 1.1000000238 2.4916803837    1.099  0.241  3.7884  4.344    1  0.000  0.536     0.00     0.00     0.00     0.00     0.00 -1  -1.2e-13      0.00 7.538e-01 2.329e-01 2.338e-03 6.399e-04 5.822e-03 -1.000 1.326e-02 4.168 4.803 4.752 4.187 3.844 3.555 3.196 2.913 2.881
0.0152 0.01508 9.54407 1.1041723490 2.4923787117    1.103  0.251  3.7892  4.339    1  0.000  0.535     0.00     0.00     0.00     0.00     0.00 -1 -1.23e-13      0.00 7.545e-01 2.323e-01 2.334e-03 6.387e-04 5.811e-03 -1.000 1.324e-02 4.143 4.770 4.722 4.161 3.820 3.531 3.175 2.893 2.862
0.0152 0.01508 9.54407 1.1210088730 2.4951362610    1.120  0.291  3.7920  4.316    1  0.000  0.535     0.00     0.00     0.00     0.00     0.00 -1 -1.33e-13      0.00 7.570e-01 2.298e-01 2.318e-03 6.344e-04 5.774e-03 -1.000 1.313e-02 4.042 4.642 4.605 4.056 3.722 3.439 3.089 2.813 2.782
0.0152 0.01508 9.54407 1.1372497082 2.4977076054    1.136  0.329  3.7944  4.294    1  0.000  0.535     0.00     0.00     0.00     0.00     0.00 -1 -1.44e-13      0.00 7.592e-01 2.277e-01 2.304e-03 6.311e-04 5.745e-03 -1.000 1.308e-02 3.947 4.525 4.497 3.959 3.631 3.351 3.006 2.735 2.706
0.0152 0.01508 9.54407 1.1499999762 2.4996678829    1.149  0.358  3.7960  4.277    1  0.000  0.535     0.00     0.00     0.00     0.00     0.00 -1 -1.52e-13      0.00 7.607e-01 2.262e-01 2.296e-03 6.293e-04 5.726e-03 -1.000 1.304e-02 3.876 4.440 4.417 3.886 3.561 3.284 2.943 2.675 2.647
0.0152 0.01508 9.54407 1.1621135473 2.5014846325    1.161  0.383  3.7971  4.260    1  0.000  0.534     0.00     0.00     0.00     0.00     0.00 -1  -1.6e-13      0.00 7.605e-01 2.265e-01 2.302e-03 6.314e-04 5.743e-03 -1.000 1.308e-02 3.812 4.367 4.347 3.820 3.498 3.223 2.884 2.619 2.591
0.0152 0.01508 9.54407 1.1773229837 2.5037047863    1.176  0.414  3.7977  4.237    1  0.000  0.534     0.00     0.00     0.00     0.00     0.00 -1  -1.7e-13      0.00 7.601e-01 2.268e-01 2.311e-03 6.339e-04 5.768e-03 -1.000 1.316e-02 3.735 4.286 4.267 3.743 3.423 3.148 2.811 2.547 2.519
0.0152 0.01508 9.54407 1.1906867027 2.5056016445    1.190  0.439  3.7975  4.217    1  0.000  0.534     0.00     0.00     0.00     0.00     0.00 -1 -1.79e-13      0.00 7.596e-01 2.272e-01 2.321e-03 6.364e-04 5.792e-03 -1.000 1.320e-02 3.673 4.225 4.204 3.681 3.360 3.086 2.749 2.485 2.456
0.0152 0.01508 9.54407 1.2000000477 2.5068950653    1.199  0.454  3.7970  4.203    1  0.000  0.534     0.00     0.00     0.00     0.00     0.00 -1 -1.85e-13      0.00 7.592e-01 2.276e-01 2.328e-03 6.381e-04 5.810e-03 -1.000 1.323e-02 3.635 4.191 4.168 3.643 3.321 3.046 2.707 2.442 2.414
0.0152 0.01508 9.54407 1.2500000000 2.5134611130    1.249  0.541  3.7945  4.123    1  0.000  0.533     0.00     0.00     0.00     0.00     0.00 -1 -2.18e-13      0.00 7.586e-01 2.281e-01 2.334e-03 6.373e-04 5.843e-03 -1.000 1.332e-02 3.416 3.998 3.960 3.426 3.099 2.820 2.476 2.206 2.176
0.0152 0.01508 9.54407 1.2585419416 2.5145230293    1.258  0.557  3.7937  4.108    1  0.000  0.533     0.00     0.00     0.00     0.00     0.00 -1 -2.25e-13      0.00 7.585e-01 2.282e-01 2.335e-03 6.373e-04 5.846e-03 -1.000 1.333e-02 3.378 3.967 3.926 3.388 3.060 2.780 2.434 2.163 2.133
0.0152 0.01508 9.54407 1.2962230444 2.5190160275    1.296  0.626  3.7898  4.036    1  0.000  0.533     0.00     0.00     0.00     0.00     0.00 -1 -2.58e-13      0.00 7.580e-01 2.287e-01 2.341e-03 6.386e-04 5.858e-03 -1.000 1.329e-02 3.206 3.829 3.771 3.219 2.883 2.597 2.241 1.963 1.931
0.0152 0.01508 9.54407 1.2999999523 2.5194499493    1.299  0.639  3.7906  4.027    1  0.000  0.533     0.00     0.00     0.00     0.00     0.00 -1 -2.66e-13      0.00 7.579e-01 2.288e-01 2.341e-03 6.387e-04 5.860e-03 -1.000 1.330e-02 3.173 3.791 3.734 3.185 2.851 2.567 2.212 1.936 1.904
0.0152 0.01508 9.54407 1.3137638569 2.5210068226    1.313  0.695  3.7943  3.990    1  0.000  0.532     0.00     0.00     0.00     0.00     0.00 -1 -3.01e-13      0.00 7.572e-01 2.294e-01 2.347e-03 6.394e-04 5.878e-03 -1.000 1.336e-02 3.032 3.617 3.572 3.040 2.714 2.436 2.091 1.822 1.792
0.0152 0.01508 9.54407 1.3166404963 2.5213274956    1.316  0.732  3.7991  3.974    1  0.000  0.532     0.00     0.00     0.00     0.00     0.00 -1 -3.32e-13      0.00 7.570e-01 2.296e-01 2.349e-03 6.397e-04 5.883e-03 -1.000 1.337e-02 2.940 3.485 3.453 2.942 2.628 2.357 2.023 1.765 1.736
0.0152 0.01508 9.54407 1.3177629709 2.5214521885    1.317  0.767  3.8034  3.956    1  0.000  0.532     0.00     0.00     0.00     0.00     0.00 -1 -3.65e-13      0.00 7.569e-01 2.297e-01 2.350e-03 6.399e-04 5.886e-03 -1.000 1.337e-02 2.853 3.366 3.344 2.851 2.546 2.283 1.959 1.709 1.682
0.0152 0.01508 9.54407 1.3182407618 2.5215051174    1.318  0.786  3.8055  3.946    1  0.000  0.532     0.00     0.00     0.00     0.00     0.00 -1 -3.87e-13      0.00 7.568e-01 2.298e-01 2.350e-03 6.399e-04 5.887e-03 -1.000 1.338e-02 2.805 3.303 3.285 2.801 2.500 2.241 1.922 1.677 1.650
0.0152 0.01508 9.54407 1.3186790943 2.5215537548    1.318  0.784  3.8037  3.941    1  0.000  0.532     0.00     0.00     0.00     0.00     0.00 -1 -3.87e-13      0.00 7.568e-01 2.298e-01 2.351e-03 6.400e-04 5.888e-03 -1.000 1.338e-02 2.811 3.322 3.299 2.808 2.504 2.242 1.919 1.670 1.643
0.0152 0.01508 9.54407 1.3262104988 2.5223827362    1.326  0.803  3.7941  3.886    2  0.000  0.532     0.00     0.00     0.00     0.00     0.00 -1  -4.2e-13      0.00 7.559e-01 2.307e-01 2.358e-03 6.413e-04 5.906e-03 -1.000 1.341e-02 2.763 3.354 3.300 2.769 2.444 2.166 1.821 1.553 1.522
0.0152 0.01508 9.54407 1.3385401964 2.5237166882    1.338  0.824  3.7790  3.809    2  0.000  0.532     0.00     0.00     0.00     0.00     0.00 -1 -4.65e-13      0.00 7.503e-01 2.361e-01 2.398e-03 6.514e-04 6.007e-03 -1.000 1.361e-02 2.711 3.446 3.330 2.735 2.378 2.075 1.692 1.393 1.356
0.0152 0.01508 9.54407 1.3439577818 2.5242938995    1.343  0.815  3.7675  3.774    2  0.000  0.533     0.00     0.00     0.00     0.00     0.00 -1 -4.68e-13      0.00 7.397e-01 2.463e-01 2.477e-03 6.719e-04 6.197e-03 -1.000 1.405e-02 2.734 3.600 3.423 2.778 2.395 2.073 1.659 1.334 1.292
0.0152 0.01508 9.54407 1.3466514349 2.5245790482    1.346  0.796  3.7584  3.757    2  0.000  0.534     0.00     0.00     0.00     0.00     0.00 -1 -4.54e-13      0.00 7.320e-01 2.536e-01 2.537e-03 6.874e-04 6.340e-03 -1.000 1.439e-02 2.781 3.758 3.528 2.845 2.440 2.103 1.664 1.319 1.273
0.0152 0.01508 9.54407 1.3484606743 2.5247697830    1.348  0.774  3.7505  3.748    2  0.000  0.534     0.00     0.00     0.00     0.00     0.00 -1 -4.35e-13      0.00 7.269e-01 2.585e-01 2.577e-03 6.979e-04 6.437e-03 -1.000 1.461e-02 2.835 3.918 3.635 2.918 2.494 2.144 1.683 1.318 1.269
0.0152 0.01508 9.54407 1.3500001431 2.5249314308    1.349  0.750  3.7426  3.741    2  0.000  0.534     0.00     0.00     0.00     0.00     0.00 -1 -4.12e-13      0.00 7.231e-01 2.622e-01 2.607e-03 7.058e-04 6.509e-03 -1.000 1.475e-02 2.896 4.092 3.747 3.001 2.557 2.195 1.711 1.325 1.274
0.0152 0.01508 9.54407 1.3500281572 2.5249345303    1.349  0.749  3.7425  3.741    2  0.000  0.534     0.00     0.00     0.00     0.00     0.00 -1 -4.12e-13      0.00 7.230e-01 2.622e-01 2.607e-03 7.059e-04 6.510e-03 -1.000 1.475e-02 2.897 4.095 3.749 3.002 2.558 2.196 1.711 1.326 1.274
0.0152 0.01508 9.54407 1.3524889946 2.5251922607    1.352  0.720  3.7322  3.730    2  0.000  0.534     0.00     0.00     0.00     0.00     0.00 -1 -3.86e-13      0.00 7.198e-01 2.653e-01 2.632e-03 7.124e-04 6.567e-03 -1.000 1.491e-02 2.971 4.317 3.893 3.107 2.638 2.259 1.743 1.331 1.276
0.0152 0.01508 9.54407 1.3548191786 2.5254352093    1.354  0.705  3.7236  3.712    2  0.000  0.535     0.00     0.00     0.00     0.00     0.00 -1 -3.77e-13      0.00 7.176e-01 2.674e-01 2.647e-03 7.164e-04 6.602e-03 -1.000 1.496e-02 3.009 4.487 3.995 3.175 2.685 2.292 1.748 1.313 1.255
0.0152 0.01508 9.54407 1.3575694561 2.5257208347    1.357  0.706  3.7155  3.678    2  0.000  0.535     0.00     0.00     0.00     0.00     0.00 -1 -3.88e-13      0.00 7.154e-01 2.696e-01 2.658e-03 7.200e-04 6.631e-03 -1.000 1.503e-02 3.004 4.612 4.052 3.201 2.691 2.284 1.714 1.256 1.194
0.0152 0.01508 9.54407 1.3611464500 2.5260906219    1.361  0.736  3.7080  3.620    2  0.000  0.533     0.00     0.00     0.00     0.00     0.00 -1 -4.37e-13      0.00 7.125e-01 2.724e-01 2.662e-03 7.248e-04 6.658e-03 -1.000 1.509e-02 2.930 4.660 4.037 3.158 2.629 2.208 1.613 1.133 1.069
0.0152 0.01508 9.54407 1.3616336584 2.5261406898    1.361  0.742  3.7072  3.611    2  0.000  0.532     0.00     0.00     0.00     0.00     0.00 -1 -4.49e-13      0.00 7.121e-01 2.728e-01 2.659e-03 7.262e-04 6.661e-03 -1.000 1.515e-02 2.915 4.659 4.029 3.147 2.616 2.193 1.595 1.113 1.049
0.0152 0.01508 9.54407 1.3635991812 2.5263426304    1.363  0.774  3.7045  3.568    3  0.000  0.515     0.00     0.00     0.00     0.00     0.00 -1 -5.02e-13      0.00 7.097e-01 2.752e-01 2.579e-03 7.934e-04 6.672e-03 -1.000 1.512e-02 2.835 4.621 3.971 3.078 2.540 2.113 1.505 1.016 0.950
0.0152 0.01508 9.54407 1.3654980659 2.5265371799    1.365  0.811  3.7021  3.523    3  0.000  0.485     0.00     0.00     0.00     0.00     0.00 -1  -5.7e-13      0.00 7.069e-01 2.779e-01 2.437e-03 9.515e-04 6.682e-03 -1.000 1.516e-02 2.743 4.566 3.899 2.997 2.453 2.021 1.406 0.909 0.842
0.0152 0.01508 9.54407 1.3674536943 2.5267367363    1.367  0.852  3.7001  3.474    3  0.000  0.454     0.00     0.00     0.00     0.00     0.00 -1 -6.59e-13      0.00 7.037e-01 2.811e-01 2.283e-03 1.139e-03 6.690e-03 -1.000 1.520e-02 2.640 4.495 3.813 2.902 2.354 1.918 1.295 0.793 0.725
0.0152 0.01508 9.54407 1.3697378635 2.5269689560    1.369  0.904  3.6979  3.415    3  0.000  0.427     0.00     0.00     0.00     0.00     0.00 -1 -7.87e-13      0.00 7.002e-01 2.845e-01 2.152e-03 1.302e-03 6.696e-03 -1.000 1.523e-02 2.511 4.406 3.704 2.783 2.229 1.789 1.159 0.650 0.582
0.0152 0.01508 9.54407 1.3721021414 2.5272085667    1.372  0.961  3.6958  3.350    3  0.000  0.410     0.00     0.00     0.00     0.00     0.00 -1  -9.6e-13      0.00 6.973e-01 2.874e-01 2.065e-03 1.410e-03 6.702e-03 -1.000 1.528e-02 2.368 4.304 3.582 2.650 2.091 1.647 1.008 0.494 0.424
0.0152 0.01508 9.54407 1.3743572235 2.5274362564    1.374  1.019  3.6936  3.283    3  0.000  0.400     0.00     0.00     0.00     0.00     0.00 -1 -1.18e-12      0.00 6.951e-01 2.896e-01 2.013e-03 1.477e-03 6.706e-03 -1.000 1.530e-02 2.221 4.198 3.456 2.513 1.949 1.500 0.854 0.333 0.263
0.0152 0.01508 9.54407 1.3763194084 2.5276336670    1.376  1.072  3.6916  3.223    3  0.000  0.394     0.00     0.00     0.00     0.00     0.00 -1 -1.42e-12      0.00 6.937e-01 2.909e-01 1.983e-03 1.515e-03 6.708e-03 -1.000 1.534e-02 2.089 4.104 3.343 2.390 1.821 1.368 0.714 0.188 0.117
0.0152 0.01508 9.54407 1.3780310154 2.5278050900    1.377  1.121  3.6897  3.167    3  0.000  0.390     0.00     0.00     0.00     0.00     0.00 -1 -1.68e-12      0.00 6.929e-01 2.917e-01 1.966e-03 1.538e-03 6.709e-03 -1.000 1.532e-02 1.968 4.018 3.240 2.278 1.704 1.248 0.587 0.056 -0.016
0.0152 0.01508 9.54407 1.3796807528 2.5279700756    1.379  1.168  3.6878  3.113    3  0.000  0.388     0.00     0.00     0.00     0.00     0.00 -1 -1.98e-12      0.00 6.924e-01 2.923e-01 1.955e-03 1.551e-03 6.709e-03 -1.000 1.531e-02 1.851 3.938 3.142 2.170 1.591 1.130 0.463 -0.074 -0.147
0.0152 0.01508 9.54407 1.3812550306 2.5281271935    1.381  1.215  3.6859  3.059    3  0.000  0.387     0.00     0.00     0.00     0.00     0.00 -1 -2.33e-12      0.00 6.922e-01 2.926e-01 1.949e-03 1.559e-03 6.709e-03 -1.000 1.529e-02 1.733 3.859 3.045 2.063 1.479 1.014 0.339 -0.203 -0.277
0.0152 0.01508 9.54407 1.3826681376 2.5282676220    1.382  1.262  3.6838  3.004    3  0.000  0.386     0.00     0.00     0.00     0.00     0.00 -1 -2.75e-12      0.00 6.920e-01 2.927e-01 1.945e-03 1.564e-03 6.709e-03 -1.000 1.531e-02 1.616 3.783 2.948 1.957 1.366 0.898 0.215 -0.333 -0.408
0.0152 0.01508 9.54407 1.3838455677 2.5283844471    1.383  1.309  3.6817  2.949    3  0.000  0.386     0.00     0.00     0.00     0.00     0.00 -1 -3.26e-12      0.00 6.920e-01 2.927e-01 1.943e-03 1.566e-03 6.709e-03 -1.000 1.532e-02 1.499 3.708 2.852 1.851 1.255 0.781 0.091 -0.464 -0.540
0.0152 0.01508 9.54407 1.3849207163 2.5284910202    1.384  1.357  3.6793  2.891    3  0.000  0.386     0.00     0.00     0.00     0.00     0.00 -1 -3.88e-12      0.00 6.919e-01 2.928e-01 1.942e-03 1.568e-03 6.709e-03 -1.000 1.530e-02 1.376 3.633 2.754 1.741 1.139 0.660 -0.039 -0.601 -0.678
0.0152 0.01508 9.54407 1.3859115839 2.5285890102    1.385  1.407  3.6768  2.832    3  0.000  0.386     0.00     0.00     0.00     0.00     0.00 -1 -4.65e-12      0.00 6.919e-01 2.928e-01 1.941e-03 1.569e-03 6.709e-03 -1.000 1.530e-02 1.253 3.561 2.656 1.632 1.022 0.539 -0.170 -0.739 -0.818
0.0152 0.01508 9.54407 1.3867778778 2.5286746025    1.386  1.453  3.6744  2.776    3  0.000  0.385     0.00     0.00     0.00     0.00     0.00 -1  -5.5e-12      0.00 6.919e-01 2.928e-01 1.940e-03 1.571e-03 6.708e-03 -1.000 1.530e-02 1.137 3.494 2.565 1.530 0.913 0.424 -0.293 -0.870 -0.950
0.0152 0.01508 9.54407 1.3875826597 2.5287539959    1.387  1.499  3.6720  2.721    3  0.000  0.385     0.00     0.00     0.00     0.00     0.00 -1 -6.48e-12      0.00 6.919e-01 2.928e-01 1.939e-03 1.572e-03 6.708e-03 -1.000 1.530e-02 1.023 3.430 2.477 1.430 0.807 0.313 -0.414 -0.998 -1.080
0.0152 0.01508 9.54407 1.3883973360 2.5288341045    1.388  1.541  3.6698  2.670    3  0.000  0.385     0.00     0.00     0.00     0.00     0.00 -1 -7.56e-12      0.00 6.919e-01 2.928e-01 1.938e-03 1.573e-03 6.708e-03 -1.000 1.530e-02 0.917 3.371 2.395 1.338 0.708 0.209 -0.527 -1.117 -1.201
0.0152 0.01508 9.54407 1.3893569708 2.5289285183    1.388  1.584  3.6674  2.618    3  0.000  0.385     0.00     0.00     0.00     0.00     0.00 -1 -8.85e-12      0.00 6.919e-01 2.928e-01 1.937e-03 1.574e-03 6.708e-03 -1.000 1.530e-02 0.809 3.314 2.312 1.244 0.608 0.103 -0.641 -1.239 -1.324
0.0152 0.01508 9.54407 1.3896449804 2.5289568901    1.389  1.593  3.6670  2.608    3  0.000  0.385     0.00     0.00     0.00     0.00     0.00 -1 -9.16e-12      0.00 6.919e-01 2.928e-01 1.937e-03 1.574e-03 6.708e-03 -1.000 1.530e-02 0.789 3.303 2.297 1.227 0.589 0.083 -0.663 -1.262 -1.348
0.0152 0.01508 9.54407 1.3905366659 2.5290443897    1.390  1.547  3.6701  2.667    3  0.000  0.385     0.00     0.00     0.00     0.00     0.00 -1 -7.79e-12      0.00 6.919e-01 2.928e-01 1.936e-03 1.576e-03 6.708e-03 -1.000 1.531e-02 0.904 3.350 2.377 1.322 0.693 0.195 -0.539 -1.129 -1.212
0.0152 0.01508 9.54407 1.3907619715 2.5290663242    1.390  1.528  3.6713  2.690    3  0.000  0.385     0.00     0.00     0.00     0.00     0.00 -1 -7.25e-12      0.00 6.919e-01 2.928e-01 1.936e-03 1.576e-03 6.708e-03 -1.000 1.531e-02 0.949 3.371 2.410 1.360 0.735 0.240 -0.490 -1.076 -1.159
0.0152 0.01508 9.54407 1.3908578157 2.5290758610    1.390  1.535  3.6709  2.681    3  0.000  0.385     0.00     0.00     0.00     0.00     0.00 -1 -7.41e-12      0.00 6.919e-01 2.928e-01 1.936e-03 1.576e-03 6.708e-03 -1.000 1.531e-02 0.932 3.362 2.397 1.345 0.719 0.223 -0.509 -1.096 -1.179
0.0152 0.01508 9.54407 1.3915034533 2.5291390419    1.390  1.582  3.6683  2.625    3  0.000  0.385     0.00     0.00     0.00     0.00     0.00 -1 -8.68e-12      0.00 6.919e-01 2.928e-01 1.935e-03 1.577e-03 6.708e-03 -1.000 1.531e-02 0.816 3.302 2.310 1.246 0.612 0.109 -0.632 -1.228 -1.312
0.0152 0.01508 9.54407 1.3921644688 2.5292036533    1.391  1.629  3.6655  2.566    3  0.000  0.384     0.00     0.00     0.00     0.00     0.00 -1 -1.03e-11      0.00 6.919e-01 2.928e-01 1.935e-03 1.578e-03 6.707e-03 -1.000 1.531e-02 0.697 3.242 2.221 1.144 0.502 -0.007 -0.759 -1.363 -1.450
0.0152 0.01508 9.54407 1.3927646875 2.5292625427    1.392  1.675  3.6628  2.509    3  0.000  0.384     0.00     0.00     0.00     0.00     0.00 -1 -1.22e-11      0.00 6.919e-01 2.928e-01 1.934e-03 1.579e-03 6.707e-03 -1.000 1.531e-02 0.582 3.186 2.136 1.046 0.396 -0.119 -0.882 -1.494 -1.582
0.0152 0.01508 9.54407 1.3933194876 2.5293166637    1.392  1.721  3.6601  2.453    3  0.000  0.384     0.00     0.00     0.00     0.00     0.00 -1 -1.45e-11      0.00 6.919e-01 2.928e-01 1.933e-03 1.579e-03 6.707e-03 -1.000 1.531e-02 0.468 3.146 2.057 0.950 0.291 -0.230 -1.004 -1.624 -1.714
0.0152 0.01508 9.54407 1.3938342333 2.5293667316    1.393  1.766  3.6573  2.397    3  0.000  0.384     0.00     0.00     0.00     0.00     0.00 -1 -1.71e-11      0.00 6.919e-01 2.928e-01 1.933e-03 1.580e-03 6.707e-03 -1.000 1.531e-02 0.354 3.113 1.982 0.856 0.187 -0.342 -1.126 -1.754 -1.846
0.0152 0.01508 9.54407 1.3943009377 2.5294122696    1.393  1.811  3.6545  2.341    3  0.000  0.384     0.00     0.00     0.00     0.00     0.00 -1 -2.02e-11      0.00 6.919e-01 2.928e-01 1.932e-03 1.581e-03 6.707e-03 -1.000 1.531e-02 0.243 3.084 1.909 0.765 0.085 -0.450 -1.245 -1.882 -1.976
0.0152 0.01508 9.54407 1.3947321177 2.5294544697    1.393  1.855  3.6517  2.285    3  0.000  0.384     0.00     0.00     0.00     0.00     0.00 -1 -2.38e-11      0.00 6.918e-01 2.928e-01 1.932e-03 1.581e-03 6.707e-03 -1.000 1.531e-02 0.132 3.055 1.837 0.674 -0.016 -0.558 -1.365 -2.009 -2.105
0.0152 0.01508 9.54407 1.3951383829 2.5294938087    1.394  1.900  3.6488  2.229    3  0.000  0.384     0.00     0.00     0.00     0.00     0.00 -1 -2.82e-11      0.00 6.918e-01 2.928e-01 1.932e-03 1.582e-03 6.707e-03 -1.000 1.531e-02 0.019 3.030 1.766 0.584 -0.118 -0.667 -1.485 -2.139 -2.236
0.0152 0.01508 9.54407 1.3955022097 2.5295293331    1.394  1.944  3.6460  2.174    3  0.000  0.384     0.00     0.00     0.00     0.00     0.00 -1 -3.31e-11      0.00 6.918e-01 2.928e-01 1.931e-03 1.582e-03 6.707e-03 -1.000 1.531e-02 -0.090 3.008 1.698 0.497 -0.215 -0.773 -1.602 -2.264 -2.364
0.0152 0.01508 9.54407 1.3958352804 2.5295617580    1.394  1.987  3.6431  2.119    3  0.000  0.384     0.00     0.00     0.00     0.00     0.00 -1  -3.9e-11      0.00 6.918e-01 2.929e-01 1.931e-03 1.583e-03 6.707e-03 -1.000 1.531e-02 -0.198 2.988 1.633 0.412 -0.311 -0.877 -1.719 -2.389 -2.491
0.0152 0.01508 9.54407 1.3961406946 2.5295913219    1.394  2.030  3.6402  2.065    3  0.000  0.384     0.00     0.00     0.00     0.00     0.00 -1 -4.58e-11      0.00 6.918e-01 2.929e-01 1.931e-03 1.583e-03 6.707e-03 -1.000 1.531e-02 -0.306 2.971 1.568 0.328 -0.407 -0.981 -1.834 -2.513 -2.617
0.0152 0.01508 9.54407 1.3964264393 2.5296192169    1.395  2.074  3.6372  2.009    3  0.000  0.384     0.00     0.00     0.00     0.00     0.00 -1 -5.39e-11      0.00 6.918e-01 2.929e-01 1.930e-03 1.584e-03 6.707e-03 -1.000 1.531e-02 -0.415 2.957 1.506 0.246 -0.501 -1.085 -1.951 -2.639 -2.745
0.0152 0.01508 9.54407 1.3966817856 2.5296440125    1.395  2.116  3.6343  1.956    3  0.000  0.384     0.00     0.00     0.00     0.00     0.00 -1 -6.32e-11      0.00 6.918e-01 2.929e-01 1.930e-03 1.584e-03 6.707e-03 -1.000 1.531e-02 -0.520 2.921 1.446 0.163 -0.591 -1.184 -2.062 -2.756 -2.866
0.0152 0.01508 9.54407 1.3969249725 2.5296676159    1.395  2.159  3.6312  1.900    3  0.000  0.383     0.00     0.00     0.00     0.00     0.00 -1 -7.44e-11      0.00 6.918e-01 2.929e-01 1.930e-03 1.584e-03 6.707e-03 -1.000 1.531e-02 -0.628 2.879 1.384 0.078 -0.685 -1.285 -2.176 -2.874 -2.990
0.0152 0.01508 9.54407 1.3971426487 2.5296885967    1.395  2.201  3.6283  1.846    3  0.000  0.383     0.00     0.00     0.00     0.00     0.00 -1 -8.72e-11      0.00 6.918e-01 2.929e-01 1.930e-03 1.585e-03 6.707e-03 -1.000 1.531e-02 -0.733 2.836 1.324 -0.003 -0.772 -1.382 -2.286 -2.988 -3.109
0.0152 0.01508 9.54407 1.3973457813 2.5297083855    1.395  2.243  3.6253  1.792    3  0.000  0.383     0.00     0.00     0.00     0.00     0.00 -1 -1.02e-10      0.00 6.918e-01 2.929e-01 1.929e-03 1.585e-03 6.707e-03 -1.000 1.531e-02 -0.838 2.790 1.264 -0.084 -0.860 -1.480 -2.397 -3.103 -3.230
0.0152 0.01508 9.54407 1.3975331783 2.5297265053    1.395  2.285  3.6222  1.738    3  0.000  0.383     0.00     0.00     0.00     0.00     0.00 -1  -1.2e-10      0.00 6.918e-01 2.929e-01 1.929e-03 1.585e-03 6.707e-03 -1.000 1.531e-02 -0.943 2.744 1.204 -0.165 -0.947 -1.576 -2.507 -3.218 -3.350
0.0152 0.01508 9.54407 1.3977065086 2.5297431946    1.395  2.327  3.6191  1.684    3  0.000  0.383     0.00     0.00     0.00     0.00     0.00 -1  -1.4e-10      0.00 6.918e-01 2.929e-01 1.929e-03 1.585e-03 6.707e-03 -1.000 1.531e-02 -1.047 2.696 1.144 -0.244 -1.033 -1.671 -2.616 -3.332 -3.470
0.0152 0.01508 9.54407 1.3978664875 2.5297589302    1.395  2.369  3.6161  1.630    3  0.000  0.383     0.00     0.00     0.00     0.00     0.00 -1 -1.64e-10      0.00 6.918e-01 2.929e-01 1.929e-03 1.586e-03 6.707e-03 -1.000 1.531e-02 -1.151 2.646 1.085 -0.321 -1.117 -1.765 -2.725 -3.445 -3.590
0.0152 0.01508 9.54407 1.3980137110 2.5297729969    1.395  2.410  3.6130  1.577    3  0.000  0.383     0.00     0.00     0.00     0.00     0.00 -1 -1.92e-10      0.00 6.918e-01 2.929e-01 1.929e-03 1.586e-03 6.706e-03 -1.000 1.531e-02 -1.254 2.598 1.026 -0.397 -1.199 -1.858 -2.833 -3.558 -3.709
0.0152 0.01508 9.54407 1.3981492519 2.5297861099    1.395  2.451  3.6099  1.523    3  0.000  0.383     0.00     0.00     0.00     0.00     0.00 -1 -2.25e-10      0.00 6.918e-01 2.929e-01 1.929e-03 1.586e-03 6.706e-03 -1.000 1.531e-02 -1.356 2.551 0.968 -0.471 -1.281 -1.950 -2.939 -3.670 -3.828
0.0152 0.01508 9.54407 1.3982769251 2.5297985077    1.395  2.492  3.6067  1.469    3  0.000  0.383     0.00     0.00     0.00     0.00     0.00 -1 -2.63e-10      0.00 6.918e-01 2.929e-01 1.928e-03 1.586e-03 6.706e-03 -1.000 1.531e-02 -1.460 2.526 0.916 -0.540 -1.360 -2.044 -3.049 -3.787 -3.950
0.0152 0.01508 9.54407 1.3983912468 2.5298097134    1.395  2.532  3.6036  1.417    3  0.000  0.383     9.78     7.16     5.09     3.87     3.14  4 -3.07e-10      0.00 6.918e-01 2.929e-01 1.928e-03 1.586e-03 6.706e-03 -1.000 1.531e-02 -1.560 2.528 0.873 -0.601 -1.435 -2.135 -3.156 -3.902 -4.071
0.0152 0.01508 9.54407 1.3984968662 2.5298199654    1.394  2.571  3.6004  1.365    3  0.000  0.383    10.88     7.86     5.57     4.24     3.44  4 -3.57e-10      0.00 6.918e-01 2.929e-01 1.928e-03 1.586e-03 6.706e-03 -1.000 1.531e-02 -1.658 2.531 0.830 -0.662 -1.510 -2.225 -3.262 -4.017 -4.190
0.0152 0.01508 9.54407 1.3985980749 2.5298297405    1.394  2.612  3.5971  1.311    3  0.000  0.383    12.14     8.67     6.10     4.65     3.78  4 -4.17e-10      0.00 6.918e-01 2.929e-01 1.928e-03 1.586e-03 6.706e-03 -1.000 1.531e-02 -1.760 2.528 0.789 -0.718 -1.580 -2.318 -3.371 -4.135 -4.313
0.0152 0.01508 9.54407 1.3986881971 2.5298383236    1.394  2.650  3.5939  1.260    3  0.000  0.383    13.48     9.51     6.67     5.09     4.14  4 -4.84e-10      0.00 6.918e-01 2.929e-01 1.928e-03 1.587e-03 6.706e-03 -1.000 1.531e-02 -1.856 2.528 0.753 -0.769 -1.646 -2.405 -3.475 -4.247 -4.430
0.0152 0.01508 9.54407 1.3987737894 2.5298466682    1.394  2.690  3.5907  1.207    3  0.000  0.383    14.99    10.45     7.30     5.58     4.54  4 -5.63e-10      0.00 6.918e-01 2.929e-01 1.928e-03 1.587e-03 6.706e-03 -1.000 1.531e-02 -1.954 2.529 0.716 -0.821 -1.712 -2.493 -3.580 -4.361 -4.549
0.0152 0.01508 9.54407 1.3988549709 2.5298545361    1.393  2.729  3.5874  1.154    3  0.000  0.383    16.70    11.50     8.00     6.12     4.98  4 -6.56e-10      0.00 6.918e-01 2.929e-01 1.928e-03 1.587e-03 6.706e-03 -1.000 1.531e-02 -2.052 2.527 0.684 -0.866 -1.773 -2.581 -3.687 -4.477 -4.670
0.0152 0.01508 9.54407 1.3989273310 2.5298614502    1.393  2.766  3.5841  1.104    3  0.000  0.383    18.51    12.60     8.73     6.69     5.44  4 -7.59e-10      0.00 6.918e-01 2.929e-01 1.928e-03 1.587e-03 6.706e-03 -1.000 1.531e-02 -2.146 2.527 0.656 -0.905 -1.828 -2.664 -3.788 -4.586 -4.784
0.0152 0.01508 9.54407 1.3989961147 2.5298681259    1.393  2.804  3.5808  1.053    3  0.000  0.383    20.53    13.81     9.53     7.31     5.95  3 -8.78e-10      0.00 6.918e-01 2.929e-01 1.928e-03 1.587e-03 6.706e-03 -1.000 1.531e-02 -2.240 2.527 0.628 -0.945 -1.884 -2.747 -3.890 -4.697 -4.900
0.0152 0.01508 9.54407 1.3990612030 2.5298745632    1.392  2.842  3.5774  1.001    3  0.000  0.383    22.84    15.17    10.42     8.01     6.52  3 -1.02e-09      0.00 6.918e-01 2.929e-01 1.928e-03 1.587e-03 6.706e-03 -1.000 1.531e-02 -2.336 2.523 0.608 -0.973 -1.930 -2.830 -3.995 -4.810 -5.018
0.0152 0.01508 9.54407 1.3991354704 2.5298817158    1.392  2.889  3.5731  0.937    3  0.000  0.383    26.00    17.02    11.63     8.96     7.30  3 -1.22e-09      0.00 6.918e-01 2.929e-01 1.928e-03 1.587e-03 6.706e-03 -1.000 1.531e-02 -2.452 2.525 0.593 -0.996 -1.979 -2.929 -4.122 -4.947 -5.163
0.0152 0.01508 9.54407 1.3992027044 2.5298881531    1.391  2.934  3.5688  0.875    3  0.000  0.383    29.52    19.05    12.95     9.99     8.14  3 -1.46e-09      0.00 6.918e-01 2.929e-01 1.927e-03 1.587e-03 6.706e-03 -1.000 1.531e-02 -2.564 2.528 0.586 -1.010 -2.019 -3.023 -4.247 -5.081 -5.303
0.0152 0.01508 9.54407 1.3992649317 2.5298941135    1.390  2.978  3.5645  0.813    3  0.000  0.383    33.48    21.30    14.41    11.13     9.07  3 -1.74e-09      0.00 6.918e-01 2.929e-01 1.927e-03 1.587e-03 6.706e-03 -1.000 1.531e-02 -2.674 2.528 0.591 -1.003 -2.045 -3.112 -4.371 -5.213 -5.443
0.0152 0.01508 9.54407 1.3993226290 2.5298998356    1.389  3.021  3.5601  0.752    3  0.000  0.383    37.94    23.79    16.02    12.39    10.10  3 -2.07e-09      0.00 6.918e-01 2.929e-01 1.927e-03 1.587e-03 6.706e-03 -1.000 1.531e-02 -2.784 2.529 0.598 -0.995 -2.069 -3.199 -4.493 -5.344 -5.581
0.0152 0.01508 9.54407 1.3993761539 2.5299048424    1.388  3.065  3.5557  0.691    3  0.000  0.383    42.96    26.56    17.79    13.79    11.24  3 -2.46e-09      0.00 6.918e-01 2.929e-01 1.927e-03 1.588e-03 6.706e-03 -1.000 1.531e-02 -2.892 2.527 0.625 -0.959 -2.074 -3.278 -4.614 -5.474 -5.718
0.0152 0.01508 9.54407 1.3994256258 2.5299096107    1.387  3.107  3.5513  0.630    3  0.000  0.383    48.60    29.63    19.75    15.33    12.51  2 -2.92e-09      0.00 6.918e-01 2.929e-01 1.927e-03 1.588e-03 6.706e-03 -1.000 1.531e-02 -2.998 2.526 0.656 -0.919 -2.076 -3.354 -4.733 -5.602 -5.853
0.0152 0.01508 9.54407 1.3994723558 2.5299141407    1.386  3.150  3.5468  0.569    3  0.000  0.383    55.06    33.09    21.95    17.07    13.92  2 -3.47e-09      0.00 6.918e-01 2.929e-01 1.927e-03 1.588e-03 6.706e-03 -1.000 1.531e-02 -3.105 2.525 0.705 -0.853 -2.061 -3.419 -4.854 -5.731 -5.990
0.0152 0.01508 9.54407 1.3995152712 2.5299184322    1.385  3.191  3.5422  0.509    3  0.000  0.383    62.22    36.88    24.34    18.96    15.47  2 -4.11e-09      0.00 6.918e-01 2.929e-01 1.927e-03 1.588e-03 6.706e-03 -1.000 1.531e-02 -3.209 2.524 0.764 -0.775 -2.039 -3.478 -4.973 -5.857 -6.124
0.0152 0.01508 9.54407 1.3995558023 2.5299222469    1.384  3.233  3.5376  0.449    3  0.000  0.383    70.35    41.11    27.00    21.06    17.20  2 -4.88e-09      0.00 6.918e-01 2.929e-01 1.927e-03 1.588e-03 6.706e-03 -1.000 1.531e-02 -3.312 2.526 0.844 -0.672 -2.002 -3.527 -5.092 -5.983 -6.258
0.0152 0.01508 9.54407 1.3995933533 2.5299258232    1.382  3.273  3.5330  0.389    3  0.000  0.383    79.41    45.77    29.91    23.37    19.09  2 -5.76e-09      0.00 6.918e-01 2.929e-01 1.927e-03 1.588e-03 6.706e-03 -1.000 1.531e-02 -3.413 2.528 0.940 -0.550 -1.954 -3.564 -5.209 -6.106 -6.390
0.0152 0.01508 9.54407 1.3996287584 2.5299293995    1.380  3.313  3.5283  0.330    3  0.000  0.383    89.57    50.92    33.12    25.92    21.17  2  -6.8e-09      0.00 6.918e-01 2.929e-01 1.927e-03 1.588e-03 6.706e-03 -1.000 1.531e-02 -3.513 2.531 1.048 -0.412 -1.896 -3.589 -5.325 -6.228 -6.520
0.0152 0.01508 9.54407 1.3996611834 2.5299324989    1.378  3.351  3.5238  0.273    3  0.000  0.383   100.53    56.40    36.51    28.62    23.38  2 -7.98e-09      0.00 6.918e-01 2.929e-01 1.927e-03 1.588e-03 6.706e-03 -1.000 1.531e-02 -3.608 2.535 1.179 -0.248 -1.823 -3.590 -5.436 -6.343 -6.645
0.0152 0.01508 9.54407 1.3996928930 2.5299355984    1.376  3.387  3.5193  0.219    3  0.000  0.383   112.33    62.21    40.10    31.48    25.72  2 -9.31e-09      0.00 6.918e-01 2.929e-01 1.927e-03 1.588e-03 6.706e-03 -1.000 1.531e-02 -3.698 2.542 1.316 -0.076 -1.744 -3.582 -5.541 -6.453 -6.764
0.0152 0.01508 9.54407 1.3997018337 2.5299363136    1.376  3.397  3.5181  0.203    3  0.000  0.383   115.90    63.96    41.17    32.34    26.42  2 -9.73e-09      0.00 6.918e-01 2.929e-01 1.927e-03 1.588e-03 6.706e-03 -1.000 1.531e-02 -3.724 2.543 1.362 -0.015 -1.714 -3.570 -5.571 -6.483 -6.798
0.0152 0.01508 9.54407 1.3997018337 2.5299363136    1.376  1.733  3.6747  2.494    4  0.000  0.386     0.00     0.00     0.00     0.00     0.00 -1    -1e-30      0.00 6.875e-01 2.971e-01 1.946e-03 1.596e-03 6.719e-03 -1.000 1.541e-02 0.437 2.776 1.861 0.822 0.214 -0.274 -0.993 -1.566 -1.647
0.0152 0.01508 9.54407 1.4001150131 2.5299763680    1.376  1.747  3.6736  2.477    4  0.000  0.386     0.00     0.00     0.00     0.00     0.00 -1    -1e-30      0.00 6.875e-01 2.971e-01 1.946e-03 1.596e-03 6.719e-03 -1.000 1.541e-02 0.404 2.770 1.840 0.795 0.184 -0.307 -1.029 -1.606 -1.687
0.0152 0.01508 9.54407 1.4005451202 2.5300178528    1.377  1.752  3.6733  2.470    4  0.000  0.386     0.00     0.00     0.00     0.00     0.00 -1    -1e-30      0.00 6.875e-01 2.971e-01 1.945e-03 1.597e-03 6.719e-03 -1.000 1.541e-02 0.390 2.765 1.831 0.783 0.171 -0.320 -1.044 -1.621 -1.702
0.0152 0.01508 9.54407 1.4009864330 2.5300602913    1.377  1.752  3.6736  2.471    4  0.000  0.386     0.00     0.00     0.00     0.00     0.00 -1    -1e-30      0.00 6.875e-01 2.971e-01 1.945e-03 1.598e-03 6.719e-03 -1.000 1.541e-02 0.391 2.760 1.829 0.782 0.171 -0.320 -1.043 -1.619 -1.701
0.0152 0.01508 9.54407 1.4014260769 2.5301027298    1.378  1.750  3.6739  2.474    4  0.000  0.386     0.00     0.00     0.00     0.00     0.00 -1    -1e-30      0.00 6.875e-01 2.971e-01 1.944e-03 1.598e-03 6.719e-03 -1.000 1.541e-02 0.394 2.755 1.828 0.783 0.173 -0.317 -1.038 -1.614 -1.695
0.0152 0.01508 9.54407 1.4018614292 2.5301446915    1.378  1.749  3.6742  2.477    4  0.000  0.386     0.00     0.00     0.00     0.00     0.00 -1    -1e-30      0.00 6.875e-01 2.971e-01 1.943e-03 1.599e-03 6.719e-03 -1.000 1.541e-02 0.397 2.750 1.828 0.785 0.176 -0.313 -1.034 -1.608 -1.689
0.0152 0.01508 9.54407 1.4022680521 2.5301837921    1.378  1.748  3.6746  2.480    4  0.000  0.385     0.00     0.00     0.00     0.00     0.00 -1    -1e-30      0.00 6.875e-01 2.971e-01 1.943e-03 1.600e-03 6.719e-03 -1.000 1.541e-02 0.400 2.746 1.827 0.786 0.178 -0.311 -1.030 -1.603 -1.684
0.0152 0.01508 9.54407 1.4027035236 2.5302255154    1.379  1.747  3.6749  2.483    4  0.000  0.385     0.00     0.00     0.00     0.00     0.00 -1    -1e-30      0.00 6.875e-01 2.971e-01 1.943e-03 1.600e-03 6.719e-03 -1.000 1.541e-02 0.404 2.741 1.827 0.787 0.180 -0.308 -1.026 -1.598 -1.679
0.0152 0.01508 9.54407 1.4031561613 2.5302691460    1.379  1.745  3.6752  2.485    4  0.000  0.385     0.00     0.00     0.00     0.00     0.00 -1    -1e-30      0.00 6.875e-01 2.971e-01 1.942e-03 1.601e-03 6.719e-03 -1.000 1.541e-02 0.407 2.736 1.826 0.788 0.182 -0.305 -1.022 -1.593 -1.674
0.0152 0.01508 9.54407 1.4035822153 2.5303099155    1.380  1.744  3.6755  2.488    4  0.000  0.385     0.00     0.00     0.00     0.00     0.00 -1    -1e-30      0.00 6.875e-01 2.971e-01 1.941e-03 1.601e-03 6.719e-03 -1.000 1.541e-02 0.409 2.732 1.825 0.789 0.184 -0.302 -1.018 -1.588 -1.669
0.0152 0.01508 9.54407 1.4040284157 2.5303528309    1.380  1.744  3.6758  2.490    4  0.000  0.385     0.00     0.00     0.00     0.00     0.00 -1    -1e-30      0.00 6.874e-01 2.971e-01 1.941e-03 1.602e-03 6.719e-03 -1.000 1.541e-02 0.411 2.727 1.824 0.789 0.185 -0.301 -1.015 -1.585 -1.665
0.0152 0.01508 9.54407 1.4044471979 2.5303928852    1.381  1.743  3.6761  2.491    4  0.000  0.385     0.00     0.00     0.00     0.00     0.00 -1    -1e-30      0.00 6.874e-01 2.972e-01 1.940e-03 1.603e-03 6.719e-03 -1.000 1.541e-02 0.412 2.722 1.822 0.788 0.185 -0.300 -1.014 -1.582 -1.662
0.0152 0.01508 9.54407 1.4049010277 2.5304365158    1.381  1.743  3.6763  2.493    4  0.000  0.385     0.00     0.00     0.00     0.00     0.00 -1    -1e-30      0.00 6.874e-01 2.972e-01 1.940e-03 1.603e-03 6.719e-03 -1.000 1.541e-02 0.413 2.717 1.820 0.788 0.185 -0.299 -1.012 -1.580 -1.660
0.0152 0.01508 9.54407 1.4053367376 2.5304782391    1.382  1.743  3.6765  2.494    4  0.000  0.385     0.00     0.00     0.00     0.00     0.00 -1    -1e-30      0.00 6.874e-01 2.972e-01 1.939e-03 1.604e-03 6.719e-03 -1.000 1.541e-02 0.413 2.713 1.818 0.787 0.185 -0.299 -1.011 -1.578 -1.658
0.0152 0.01508 9.54407 1.4057301283 2.5305156708    1.382  1.743  3.6767  2.495    4  0.000  0.385     0.00     0.00     0.00     0.00     0.00 -1    -1e-30      0.00 6.874e-01 2.972e-01 1.939e-03 1.604e-03 6.719e-03 -1.000 1.541e-02 0.413 2.709 1.816 0.786 0.185 -0.299 -1.010 -1.577 -1.657
0.0152 0.01508 9.54407 1.4057781696 2.5305204391    1.382  1.743  3.6767  2.495    4  0.000  0.385     0.00     0.00     0.00     0.00     0.00 -1    -1e-30      0.00 6.874e-01 2.972e-01 1.939e-03 1.605e-03 6.719e-03 -1.000 1.541e-02 0.413 2.708 1.816 0.786 0.185 -0.299 -1.010 -1.577 -1.657
0.0152 0.01508 9.54407 1.4062156677 2.5305621624    1.383  1.743  3.6769  2.496    4  0.000  0.385     0.00     0.00     0.00     0.00     0.00 -1    -1e-30      0.00 6.874e-01 2.972e-01 1.938e-03 1.605e-03 6.719e-03 -1.000 1.541e-02 0.413 2.704 1.814 0.784 0.184 -0.299 -1.010 -1.576 -1.656
0.0152 0.01508 9.54407 1.4066505432 2.5306036472    1.383  1.743  3.6771  2.496    4  0.000  0.384     0.00     0.00     0.00     0.00     0.00 -1    -1e-30      0.00 6.874e-01 2.972e-01 1.938e-03 1.606e-03 6.719e-03 -1.000 1.541e-02 0.412 2.700 1.811 0.783 0.183 -0.300 -1.010 -1.576 -1.655
0.0152 0.01508 9.54407 1.4070717096 2.5306439400    1.384  1.744  3.6772  2.496    4  0.000  0.384     0.00     0.00     0.00     0.00     0.00 -1    -1e-30      0.00 6.874e-01 2.972e-01 1.937e-03 1.606e-03 6.719e-03 -1.000 1.541e-02 0.411 2.696 1.809 0.781 0.181 -0.301 -1.011 -1.576 -1.656
0.0152 0.01508 9.54407 1.4075205326 2.5306868553    1.384  1.744  3.6773  2.496    4  0.000  0.384     0.00     0.00     0.00     0.00     0.00 -1    -1e-30      0.00 6.874e-01 2.972e-01 1.937e-03 1.607e-03 6.719e-03 -1.000 1.541e-02 0.409 2.692 1.806 0.778 0.179 -0.303 -1.012 -1.577 -1.657
0.0152 0.01508 9.54407 1.4079488516 2.5307276249    1.385  1.745  3.6773  2.496    4  0.000  0.384     0.00     0.00     0.00     0.00     0.00 -1    -1e-30      0.00 6.874e-01 2.972e-01 1.936e-03 1.608e-03 6.719e-03 -1.000 1.541e-02 0.407 2.688 1.803 0.776 0.177 -0.306 -1.015 -1.579 -1.659
0.0152 0.01508 9.54407 1.4083834887 2.5307691097    1.385  1.746  3.6774  2.495    4  0.000  0.384     0.00     0.00     0.00     0.00     0.00 -1    -1e-30      0.00 6.874e-01 2.972e-01 1.936e-03 1.608e-03 6.719e-03 -1.000 1.541e-02 0.404 2.685 1.800 0.772 0.173 -0.309 -1.018 -1.582 -1.662
0.0152 0.01508 9.54407 1.4088287354 2.5308113098    1.386  1.748  3.6774  2.493    4  0.000  0.384     0.00     0.00     0.00     0.00     0.00 -1    -1e-30      0.00 6.874e-01 2.972e-01 1.935e-03 1.609e-03 6.719e-03 -1.000 1.541e-02 0.400 2.682 1.796 0.768 0.170 -0.313 -1.022 -1.586 -1.666
0.0152 0.01508 9.54407 1.4088697433 2.5308153629    1.386  1.748  3.6774  2.493    4  0.000  0.384     0.00     0.00     0.00     0.00     0.00 -1    -1e-30      0.00 6.874e-01 2.972e-01 1.935e-03 1.609e-03 6.719e-03 -1.000 1.541e-02 0.400 2.681 1.796 0.768 0.169 -0.313 -1.022 -1.587 -1.666
0.0152 0.01508 9.54407 1.4089225531 2.5308203697    1.386  1.748  3.6773  2.493    4  0.000  0.384     0.00     0.00     0.00     0.00     0.00 -1    -1e-30      0.00 6.874e-01 2.972e-01 1.935e-03 1.609e-03 6.719e-03 -1.000 1.541e-02 0.399 2.681 1.795 0.767 0.169 -0.314 -1.023 -1.587 -1.667
0.0152 0.01508 9.54407 1.4093470573 2.5308606625    1.386  1.750  3.6773  2.491    4  0.000  0.384     0.00     0.00     0.00     0.00     0.00 -1    -1e-30      0.00 6.874e-01 2.972e-01 1.935e-03 1.610e-03 6.719e-03 -1.000 1.541e-02 0.394 2.678 1.791 0.763 0.164 -0.319 -1.028 -1.593 -1.672
0.0152 0.01508 9.54407 1.4097803831 2.5309019089    1.387  1.753  3.6772  2.488    4  0.000  0.384     0.00     0.00     0.00     0.00     0.00 -1    -1e-30      0.00 6.873e-01 2.972e-01 1.934e-03 1.610e-03 6.719e-03 -1.000 1.541e-02 0.388 2.675 1.787 0.758 0.158 -0.325 -1.034 -1.599 -1.679
0.0152 0.01508 9.54407 1.4102225304 2.5309438705    1.387  1.756  3.6770  2.484    4  0.000  0.384     0.00     0.00     0.00     0.00     0.00 -1    -1e-30      0.00 6.873e-01 2.973e-01 1.934e-03 1.611e-03 6.718e-03 -1.000 1.541e-02 0.381 2.673 1.782 0.751 0.151 -0.332 -1.042 -1.608 -1.688
0.0152 0.01508 9.54407 1.4106506109 2.5309844017    1.388  1.759  3.6767  2.480    4  0.000  0.384     0.00     0.00     0.00     0.00     0.00 -1    -1e-30      0.00 6.873e-01 2.973e-01 1.933e-03 1.611e-03 6.718e-03 -1.000 1.541e-02 0.372 2.670 1.776 0.744 0.143 -0.341 -1.052 -1.618 -1.698
0.0152 0.01508 9.54407 1.4110898972 2.5310261250    1.388  1.764  3.6764  2.474    4  0.000  0.383     0.00     0.00     0.00     0.00     0.00 -1    -1e-30      0.00 6.873e-01 2.973e-01 1.933e-03 1.612e-03 6.718e-03 -1.000 1.541e-02 0.361 2.668 1.769 0.735 0.133 -0.352 -1.064 -1.631 -1.711
0.0152 0.01508 9.54407 1.4115198851 2.5310668945    1.389  1.768  3.6760  2.468    4  0.000  0.383     0.00     0.00     0.00     0.00     0.00 -1    -1e-30      0.00 6.873e-01 2.973e-01 1.932e-03 1.613e-03 6.718e-03 -1.000 1.541e-02 0.349 2.666 1.762 0.725 0.122 -0.363 -1.077 -1.646 -1.726
0.0152 0.01508 9.54407 1.4119434357 2.5311069489    1.389  1.774  3.6755  2.461    4  0.000  0.383     0.00     0.00     0.00     0.00     0.00 -1    -1e-30      0.00 6.873e-01 2.973e-01 1.932e-03 1.613e-03 6.718e-03 -1.000 1.541e-02 0.335 2.664 1.753 0.714 0.109 -0.377 -1.093 -1.662 -1.743
0.0152 0.01508 9.54407 1.4123760462 2.5311479568    1.390  1.780  3.6751  2.453    4  0.000  0.383     0.00     0.00     0.00     0.00     0.00 -1    -1e-30      0.00 6.873e-01 2.973e-01 1.931e-03 1.614e-03 6.718e-03 -1.000 1.541e-02 0.320 2.661 1.744 0.702 0.096 -0.391 -1.109 -1.680 -1.761
0.0152 0.01508 9.54407 1.4128154516 2.5311894417    1.390  1.784  3.6748  2.448    4  0.000  0.383     0.00     0.00     0.00     0.00     0.00 -1    -1e-30      0.00 6.873e-01 2.973e-01 1.931e-03 1.615e-03 6.718e-03 -1.000 1.541e-02 0.309 2.658 1.736 0.693 0.085 -0.403 -1.121 -1.693 -1.774
0.0152 0.01508 9.54407 1.4132648706 2.5312321186    1.391  1.797  3.6736  2.431    4  0.000  0.383     0.00     0.00     0.00     0.00     0.00 -1    -1e-30      0.00 6.873e-01 2.973e-01 1.930e-03 1.615e-03 6.718e-03 -1.000 1.541e-02 0.277 2.655 1.718 0.668 0.057 -0.434 -1.157 -1.732 -1.813
0.0152 0.01508 9.54407 1.4137009382 2.5312731266    1.391  1.824  3.6711  2.394    4  0.000  0.383     0.00     0.00     0.00     0.00     0.00 -1    -1e-30      0.00 6.873e-01 2.973e-01 1.930e-03 1.616e-03 6.718e-03 -1.000 1.541e-02 0.210 2.650 1.680 0.615 -0.005 -0.500 -1.233 -1.815 -1.898
0.0152 0.01508 9.54407 1.4140269756 2.5313038826    1.392  1.861  3.6678  2.343    4  0.000  0.383     0.00     0.00     0.00     0.00     0.00 -1    -1e-30      0.00 6.873e-01 2.973e-01 1.929e-03 1.616e-03 6.718e-03 -1.000 1.541e-02 0.117 2.646 1.629 0.543 -0.088 -0.591 -1.336 -1.928 -2.013
0.0152 0.01508 9.54407 1.4141911268 2.5313193798    1.392  1.901  3.6643  2.290    4  0.000  0.383     0.00     0.00     0.00     0.00     0.00 -1    -1e-30      0.00 6.873e-01 2.973e-01 1.929e-03 1.617e-03 6.718e-03 -1.000 1.541e-02 0.018 2.640 1.574 0.468 -0.175 -0.686 -1.445 -2.047 -2.134
0.0152 0.01508 9.54407 1.4142762423 2.5313274860    1.392  1.942  3.6607  2.235    4  0.000  0.383     0.00     0.00     0.00     0.00     0.00 -1    -1e-30      0.00 6.873e-01 2.973e-01 1.929e-03 1.617e-03 6.718e-03 -1.000 1.541e-02 -0.084 2.635 1.517 0.389 -0.267 -0.786 -1.559 -2.171 -2.261
0.0152 0.01508 9.54407 1.4143149853 2.5313310623    1.392  1.977  3.6576  2.187    4  0.000  0.383     0.00     0.00     0.00     0.00     0.00 -1    -1e-30      0.00 6.873e-01 2.973e-01 1.929e-03 1.617e-03 6.718e-03 -1.000 1.541e-02 -0.173 2.632 1.469 0.322 -0.345 -0.872 -1.657 -2.278 -2.370
0.0152 0.01508 9.54407 1.4143365622 2.5313332081    1.392  2.015  3.6544  2.136    4  0.000  0.383     0.00     0.00     0.00     0.00     0.00 -1    -1e-30      0.00 6.873e-01 2.973e-01 1.929e-03 1.617e-03 6.718e-03 -1.000 1.541e-02 -0.268 2.629 1.418 0.251 -0.428 -0.963 -1.760 -2.392 -2.485
0.0152 0.01508 9.54407 1.4143494368 2.5313344002    1.392  2.054  3.6511  2.084    4  0.000  0.383     0.00     0.00     0.00     0.00     0.00 -1    -1e-30      0.00 6.873e-01 2.973e-01 1.929e-03 1.617e-03 6.718e-03 -1.000 1.541e-02 -0.364 2.627 1.366 0.178 -0.513 -1.056 -1.866 -2.507 -2.604
0.0152 0.01508 9.54407 1.4143576622 2.5313351154    1.392  2.091  3.6480  2.034    4  0.000  0.383     0.00     0.00     0.00     0.00     0.00 -1    -1e-30      0.00 6.873e-01 2.973e-01 1.929e-03 1.617e-03 6.718e-03 -1.000 1.541e-02 -0.458 2.626 1.317 0.109 -0.594 -1.145 -1.968 -2.619 -2.718
0.0152 0.01508 9.54407 1.4143587351 2.5313353539    1.392  2.096  3.6475  2.028    4  0.000  0.383     0.00     0.00     0.00     0.00     0.00 -1    -1e-30      0.00 6.873e-01 2.973e-01 1.929e-03 1.617e-03 6.718e-03 -1.000 1.541e-02 -0.471 2.626 1.310 0.100 -0.605 -1.157 -1.982 -2.634 -2.733
