# File generated by CMD 3.6 (http://stev.oapd.inaf.it/cmd) on Tue Apr  5 19:27:20 CEST 2022
# isochrones based on PARSEC release v1.2S +  COLIBRI S_37 + S_35 + PR16
# Basic references: Bressan et al. (2012), MNRAS, 427, 127 + Chen et al. (2014, 2015), MNRAS, 444, 2525 + MNRAS, 452, 1068 + Tang et al. (2014), MNRAS, 445, 4287 + Marigo et al. (2017), ApJ, 835, 77 + Pastorelli al. (2019), MNRAS, 485, 5666 + Pastorelli al. (2020), MNRAS, in press
# Thermal pulse cycles included 
# On RGB, assumed Reimers mass loss with efficiency eta=0.2
# LPV periods and growth rates added cf. Trabucchi et al. (2019)
# but fundamental-mode LPV periods are from Trabucchi et al. (2021)
# Photometric system: <i>UBVRIJHK</i> (cf. Maiz-Apellaniz 2006 + Bessell 1990)
# Using YBC version of bolometric corrections as in Chen et al. (2019)
# O-rich circumstellar dpmod60alox40 dust from Groenewegen (2006)
# C-rich circumstellar AMCSIC15 dust from Groenewegen (2006)
# IMF: Kroupa (2001, 2002) + Kroupa et al. (2013) canonical two-part-power law IMF corrected for unresolved binaries 
# Kind of output: isochrone tables
# Zini     MH   logAge Mini        int_IMF         Mass   logL    logTe  logg  label   McoreTP C_O  period0  period1  period2  period3  period4  pmode  Mloss  tau1m   X   Y   Xc  Xn  Xo  Cexcess  Z 	 mbolmag  Umag    Bmag    Vmag    Rmag    Imag    Jmag    Hmag    Kmag
0.0152 0.01508 9.00000 0.0900000036 1.0816895962    0.090 -3.384  3.3657  5.191    0  0.000  0.545     0.00     0.00     0.00     0.00     0.00 -1 -4.43e-17      0.00 7.091e-01 2.756e-01 2.746e-03 7.408e-04 6.719e-03 -1.000 1.527e-02 13.230 22.457 19.862 18.032 15.888 13.642 11.140 10.526 10.234
0.0152 0.01508 9.00000 0.1000000015 1.1711064577    0.100 -3.222  3.3893  5.170    0  0.000  0.545     0.00     0.00     0.00     0.00     0.00 -1 -6.24e-17      0.00 7.091e-01 2.757e-01 2.746e-03 7.408e-04 6.719e-03 -1.000 1.527e-02 12.826 22.013 19.440 17.617 15.480 13.238 10.737 10.124 9.829
0.0152 0.01508 9.00000 0.1200000122 1.3193155527    0.120 -2.975  3.4228  5.135    0  0.000  0.545     0.00     0.00     0.00     0.00     0.00 -1 -1.05e-16      0.00 7.090e-01 2.757e-01 2.746e-03 7.408e-04 6.719e-03 -1.000 1.527e-02 12.208 21.023 18.583 16.788 14.731 12.543 10.133 9.520 9.220
0.0152 0.01508 9.00000 0.1229623184 1.3385313749    0.123 -2.948  3.4259  5.131    0  0.000  0.545     0.00     0.00     0.00     0.00     0.00 -1  -1.1e-16      0.00 7.090e-01 2.757e-01 2.746e-03 7.408e-04 6.719e-03 -1.000 1.527e-02 12.140 20.769 18.389 16.607 14.591 12.430 10.073 9.459 9.159
0.0152 0.01508 9.00000 0.1400000006 1.4384527206    0.140 -2.794  3.4430  5.102    0  0.000  0.545     0.00     0.00     0.00     0.00     0.00 -1 -1.52e-16      0.00 7.089e-01 2.758e-01 2.746e-03 7.408e-04 6.719e-03 -1.000 1.527e-02 11.755 19.486 17.374 15.667 13.847 11.828 9.727 9.112 8.812
0.0152 0.01508 9.00000 0.1493837237 1.4869687557    0.149 -2.726  3.4495  5.088    0  0.000  0.545     0.00     0.00     0.00     0.00     0.00 -1 -1.75e-16      0.00 7.089e-01 2.758e-01 2.746e-03 7.408e-04 6.719e-03 -1.000 1.527e-02 11.585 18.996 16.976 15.296 13.547 11.582 9.572 8.956 8.657
0.0152 0.01508 9.00000 0.1599999964 1.5372931957    0.160 -2.653  3.4565  5.073    0  0.000  0.545     0.00     0.00     0.00     0.00     0.00 -1 -2.03e-16      0.00 7.088e-01 2.759e-01 2.746e-03 7.408e-04 6.719e-03 -1.000 1.527e-02 11.403 18.485 16.559 14.900 13.226 11.327 9.409 8.791 8.494
0.0152 0.01508 9.00000 0.2000000030 1.6938791275    0.200 -2.438  3.4752  5.030    0  0.000  0.545     0.00     0.00     0.00     0.00     0.00 -1 -3.14e-16      0.00 7.087e-01 2.760e-01 2.746e-03 7.408e-04 6.719e-03 -1.000 1.527e-02 10.865 17.155 15.445 13.843 12.351 10.618 8.915 8.296 8.008
0.0152 0.01508 9.00000 0.2500000000 1.8403258324    0.250 -2.236  3.4916  4.991    0  0.000  0.545     0.00     0.00     0.00     0.00     0.00 -1 -4.67e-16      0.00 7.086e-01 2.761e-01 2.746e-03 7.408e-04 6.719e-03 -1.000 1.527e-02 10.360 16.059 14.495 12.927 11.569 9.991 8.452 7.830 7.552
0.0152 0.01508 9.00000 0.3135805130 1.9793373346    0.314 -2.035  3.5051  4.941    0  0.000  0.545     0.00     0.00     0.00     0.00     0.00 -1 -7.02e-16      0.00 7.089e-01 2.759e-01 2.746e-03 7.408e-04 6.719e-03 -1.000 1.527e-02 9.856 15.152 13.684 12.157 10.889 9.414 7.979 7.354 7.087
0.0152 0.01508 9.00000 0.3194212019 1.9902480841    0.319 -2.016  3.5062  4.935    0  0.000  0.545     0.00     0.00     0.00     0.00     0.00 -1 -7.31e-16      0.00 7.089e-01 2.758e-01 2.746e-03 7.408e-04 6.719e-03 -1.000 1.527e-02 9.810 15.074 13.612 12.090 10.828 9.362 7.935 7.310 7.044
0.0152 0.01508 9.00000 0.3466122150 2.0378298759    0.347 -1.938  3.5118  4.916    0  0.000  0.545     0.00     0.00     0.00     0.00     0.00 -1 -8.59e-16      0.00 7.091e-01 2.756e-01 2.746e-03 7.408e-04 6.719e-03 -1.000 1.527e-02 9.616 14.731 13.301 11.794 10.566 9.141 7.755 7.126 6.865
0.0152 0.01508 9.00000 0.3500000238 2.0434176922    0.350 -1.929  3.5125  4.913    0  0.000  0.545     0.00     0.00     0.00     0.00     0.00 -1 -8.75e-16      0.00 7.091e-01 2.756e-01 2.746e-03 7.408e-04 6.719e-03 -1.000 1.527e-02 9.593 14.692 13.265 11.760 10.535 9.115 7.733 7.105 6.844
0.0152 0.01508 9.00000 0.4000000358 2.1185026169    0.400 -1.781  3.5233  4.866    0  0.000  0.545     0.00     0.00     0.00     0.00     0.00 -1 -1.22e-15      0.00 7.092e-01 2.755e-01 2.746e-03 7.408e-04 6.719e-03 -1.000 1.527e-02 9.221 14.069 12.690 11.212 10.044 8.700 7.388 6.752 6.501
0.0152 0.01508 9.00000 0.4500000477 2.1822810173    0.450 -1.631  3.5353  4.815    0  0.000  0.545     0.00     0.00     0.00     0.00     0.00 -1 -1.72e-15      0.00 7.092e-01 2.755e-01 2.746e-03 7.408e-04 6.719e-03 -1.000 1.527e-02 8.847 13.464 12.114 10.666 9.551 8.286 7.043 6.399 6.157
0.0152 0.01508 9.00000 0.5000000000 2.2374541759    0.500 -1.476  3.5498  4.764    0  0.000  0.545     0.00     0.00     0.00     0.00     0.00 -1 -2.47e-15      0.00 7.092e-01 2.755e-01 2.746e-03 7.408e-04 6.719e-03 -1.000 1.527e-02 8.459 12.851 11.514 10.092 9.032 7.858 6.692 6.037 5.806
0.0152 0.01508 9.00000 0.5093277693 2.2468676567    0.509 -1.444  3.5535  4.755    0  0.000  0.545     0.00     0.00     0.00     0.00     0.00 -1 -2.66e-15      0.00 7.095e-01 2.753e-01 2.743e-03 7.401e-04 6.712e-03 -1.000 1.526e-02 8.381 12.725 11.386 9.969 8.921 7.771 6.624 5.966 5.738
0.0152 0.01508 9.00000 0.5500000119 2.2836582661    0.550 -1.315  3.5684  4.719    0  0.000  0.545     0.00     0.00     0.00     0.00     0.00 -1 -3.59e-15      0.00 7.115e-01 2.733e-01 2.725e-03 7.352e-04 6.668e-03 -1.000 1.518e-02 8.057 12.219 10.868 9.465 8.462 7.415 6.341 5.673 5.459
0.0152 0.01508 9.00000 0.5591725707 2.2911095619    0.559 -1.284  3.5728  4.713    0  0.000  0.545     0.00     0.00     0.00     0.00     0.00 -1 -3.84e-15      0.00 7.116e-01 2.733e-01 2.724e-03 7.350e-04 6.666e-03 -1.000 1.517e-02 7.981 12.092 10.737 9.337 8.346 7.330 6.277 5.605 5.396
0.0152 0.01508 9.00000 0.6000000238 2.3211214542    0.600 -1.153  3.5914  4.687    0  0.000  0.545     0.00     0.00     0.00     0.00     0.00 -1 -5.17e-15      0.00 7.119e-01 2.730e-01 2.722e-03 7.343e-04 6.660e-03 -1.000 1.513e-02 7.654 11.568 10.190 8.815 7.870 6.977 5.999 5.314 5.130
0.0152 0.01508 9.00000 0.6159545183 2.3316135406    0.616 -1.101  3.5998  4.680    0  0.000  0.545     0.00     0.00     0.00     0.00     0.00 -1  -5.8e-15      0.00 7.120e-01 2.728e-01 2.721e-03 7.340e-04 6.658e-03 -1.000 1.515e-02 7.523 11.355 9.965 8.607 7.681 6.838 5.889 5.198 5.027
0.0152 0.01508 9.00000 0.6409611702 2.3468565941    0.641 -1.021  3.6127  4.669    0  0.000  0.545     0.00     0.00     0.00     0.00     0.00 -1 -6.92e-15      0.00 7.122e-01 2.727e-01 2.719e-03 7.336e-04 6.654e-03 -1.000 1.516e-02 7.323 11.027 9.616 8.294 7.399 6.626 5.718 5.025 4.875
0.0152 0.01508 9.00000 0.6499999762 2.3520355225    0.650 -0.993  3.6174  4.666    0  0.000  0.545     0.00     0.00     0.00     0.00     0.00 -1 -7.35e-15      0.00 7.122e-01 2.726e-01 2.718e-03 7.335e-04 6.653e-03 -1.000 1.516e-02 7.253 10.907 9.492 8.184 7.299 6.552 5.658 4.967 4.824
0.0152 0.01508 9.00000 0.7000000477 2.3779268265    0.700 -0.839  3.6454  4.656    0  0.000  0.545     0.00     0.00     0.00     0.00     0.00 -1 -1.02e-14      0.00 7.125e-01 2.723e-01 2.716e-03 7.328e-04 6.647e-03 -1.000 1.514e-02 6.867 10.111 8.746 7.553 6.750 6.149 5.343 4.681 4.577
0.0152 0.01508 9.00000 0.7033798099 2.3795249462    0.703 -0.828  3.6474  4.655    0  0.000  0.544     0.00     0.00     0.00     0.00     0.00 -1 -1.05e-14      0.00 7.126e-01 2.723e-01 2.713e-03 7.326e-04 6.646e-03 -1.000 1.513e-02 6.841 10.046 8.693 7.509 6.713 6.122 5.323 4.665 4.563
0.0152 0.01508 9.00000 0.7500000000 2.3998889923    0.750 -0.692  3.6740  4.653    1  0.000  0.538     0.00     0.00     0.00     0.00     0.00 -1 -1.39e-14      0.00 7.129e-01 2.720e-01 2.677e-03 7.312e-04 6.641e-03 -1.000 1.511e-02 6.499 9.104 8.003 6.952 6.260 5.763 5.059 4.480 4.397
0.0152 0.01508 9.00000 0.7531239390 2.4011502266    0.753 -0.683  3.6753  4.651    1  0.000  0.538     0.00     0.00     0.00     0.00     0.00 -1 -1.42e-14      0.00 7.129e-01 2.720e-01 2.677e-03 7.311e-04 6.641e-03 -1.000 1.511e-02 6.478 9.052 7.966 6.922 6.234 5.741 5.042 4.468 4.385
0.0152 0.01508 9.00000 0.8000000119 2.4187245369    0.800 -0.560  3.6943  4.630    1  0.000  0.537     0.00     0.00     0.00     0.00     0.00 -1 -1.87e-14      0.00 7.134e-01 2.715e-01 2.673e-03 7.300e-04 6.632e-03 -1.000 1.509e-02 6.170 8.338 7.449 6.491 5.877 5.428 4.795 4.279 4.206
0.0152 0.01508 9.00000 0.8025270104 2.4196050167    0.802 -0.553  3.6952  4.629    1  0.000  0.537     0.00     0.00     0.00     0.00     0.00 -1  -1.9e-14      0.00 7.134e-01 2.715e-01 2.673e-03 7.300e-04 6.631e-03 -1.000 1.509e-02 6.153 8.301 7.422 6.469 5.859 5.412 4.782 4.269 4.196
0.0152 0.01508 9.00000 0.8500000238 2.4350347519    0.850 -0.434  3.7134  4.607    1  0.000  0.537     0.00     0.00     0.00     0.00     0.00 -1 -2.49e-14      0.00 7.140e-01 2.710e-01 2.669e-03 7.288e-04 6.620e-03 -1.000 1.500e-02 5.855 7.647 6.955 6.078 5.529 5.118 4.548 4.089 4.023
0.0152 0.01508 9.00000 0.9000000358 2.4492788315    0.899 -0.315  3.7309  4.582    1  0.000  0.537     0.00     0.00     0.00     0.00     0.00 -1 -3.27e-14      0.00 7.147e-01 2.703e-01 2.663e-03 7.272e-04 6.606e-03 -1.000 1.502e-02 5.557 7.037 6.518 5.708 5.212 4.829 4.315 3.903 3.844
0.0152 0.01508 9.00000 0.9086850882 2.4515697956    0.908 -0.294  3.7337  4.577    1  0.000  0.537     0.00     0.00     0.00     0.00     0.00 -1 -3.44e-14      0.00 7.148e-01 2.701e-01 2.661e-03 7.268e-04 6.603e-03 -1.000 1.502e-02 5.506 6.940 6.445 5.647 5.159 4.781 4.275 3.870 3.813
0.0152 0.01508 9.00000 0.9500000477 2.4618122578    0.950 -0.200  3.7467  4.554    1  0.000  0.537     0.00     0.00     0.00     0.00     0.00 -1 -4.29e-14      0.00 7.156e-01 2.694e-01 2.655e-03 7.251e-04 6.587e-03 -1.000 1.501e-02 5.271 6.481 6.115 5.370 4.920 4.564 4.096 3.722 3.671
0.0152 0.01508 9.00000 1.0000000000 2.4729156494    1.000 -0.090  3.7608  4.523    1  0.000  0.537     0.00     0.00     0.00     0.00     0.00 -1 -5.59e-14      0.00 7.169e-01 2.682e-01 2.644e-03 7.223e-04 6.562e-03 -1.000 1.492e-02 4.995 5.979 5.746 5.059 4.648 4.313 3.884 3.542 3.498
0.0152 0.01508 9.00000 1.0192395449 2.4768557549    1.019 -0.049  3.7657  4.510    1  0.000  0.537     0.00     0.00     0.00     0.00     0.00 -1    -6e-14      0.00 7.176e-01 2.675e-01 2.639e-03 7.207e-04 6.548e-03 -1.000 1.487e-02 4.892 5.805 5.612 4.946 4.547 4.221 3.804 3.473 3.431
0.0152 0.01508 9.00000 1.0499999523 2.4828116894    1.049  0.016  3.7734  4.488    1  0.000  0.537     0.00     0.00     0.00     0.00     0.00 -1 -6.73e-14      0.00 7.188e-01 2.664e-01 2.629e-03 7.181e-04 6.524e-03 -1.000 1.479e-02 4.729 5.538 5.402 4.770 4.390 4.076 3.680 3.366 3.327
0.0152 0.01508 9.00000 1.1000000238 2.4916803837    1.099  0.119  3.7848  4.451    1  0.000  0.537     0.00     0.00     0.00     0.00     0.00 -1 -8.03e-14      0.00 7.219e-01 2.634e-01 2.604e-03 7.114e-04 6.464e-03 -1.000 1.467e-02 4.472 5.144 5.078 4.496 4.144 3.848 3.481 3.190 3.157
0.0152 0.01508 9.00000 1.1228656769 2.4954347610    1.122  0.165  3.7897  4.434    1  0.000  0.537     0.00     0.00     0.00     0.00     0.00 -1 -8.65e-14      0.00 7.236e-01 2.618e-01 2.591e-03 7.078e-04 6.432e-03 -1.000 1.461e-02 4.357 4.978 4.937 4.376 4.035 3.747 3.391 3.110 3.079
0.0152 0.01508 9.00000 1.1499999762 2.4996678829    1.149  0.218  3.7952  4.413    1  0.000  0.537     0.00     0.00     0.00     0.00     0.00 -1 -9.45e-14      0.00 7.257e-01 2.597e-01 2.574e-03 7.034e-04 6.393e-03 -1.000 1.454e-02 4.224 4.793 4.775 4.237 3.909 3.629 3.287 3.017 2.988
0.0152 0.01508 9.00000 1.2000000477 2.5068950653    1.199  0.314  3.8050  4.375    1  0.000  0.537     0.00     0.00     0.00     0.00     0.00 -1  -1.1e-13      0.00 7.258e-01 2.596e-01 2.581e-03 7.056e-04 6.414e-03 -1.000 1.457e-02 3.984 4.470 4.485 3.989 3.682 3.418 3.099 2.848 2.823
0.0152 0.01508 9.00000 1.2500000000 2.5134611130    1.250  0.405  3.8142  4.338    1  0.000  0.536     0.00     0.00     0.00     0.00     0.00 -1 -1.24e-13      0.00 7.260e-01 2.594e-01 2.581e-03 7.056e-04 6.415e-03 -1.000 1.458e-02 3.756 4.179 4.213 3.754 3.467 3.218 2.920 2.687 2.665
0.0152 0.01508 9.00000 1.2999999523 2.5194499493    1.300  0.492  3.8228  4.303    1  0.000  0.536     0.00     0.00     0.00     0.00     0.00 -1 -1.38e-13      0.00 7.263e-01 2.591e-01 2.579e-03 7.050e-04 6.409e-03 -1.000 1.460e-02 3.541 3.919 3.959 3.531 3.261 3.027 2.749 2.533 2.513
0.0152 0.01508 9.00000 1.3080345392 2.5203633308    1.308  0.505  3.8243  4.298    1  0.000  0.536     0.00     0.00     0.00     0.00     0.00 -1 -1.39e-13      0.00 7.263e-01 2.591e-01 2.579e-03 7.051e-04 6.411e-03 -1.000 1.459e-02 3.507 3.879 3.920 3.497 3.230 2.997 2.723 2.510 2.490
0.0152 0.01508 9.00000 1.3500001431 2.5249314308    1.350  0.574  3.8315  4.272    1  0.000  0.537     0.00     0.00     0.00     0.00     0.00 -1 -1.48e-13      0.00 7.258e-01 2.596e-01 2.583e-03 7.062e-04 6.420e-03 -1.000 1.458e-02 3.335 3.676 3.717 3.319 3.066 2.846 2.588 2.390 2.371
0.0152 0.01508 9.00000 1.4000000954 2.5299651623    1.400  0.652  3.8402  4.245    1  0.000  0.537     0.00     0.00     0.00     0.00     0.00 -1 -1.54e-13      0.00 7.258e-01 2.596e-01 2.582e-03 7.058e-04 6.416e-03 -1.000 1.460e-02 3.139 3.452 3.487 3.117 2.882 2.677 2.439 2.258 2.240
0.0152 0.01508 9.00000 1.4404820204 2.5337476730    1.441  0.714  3.8479  4.227    1  0.000  0.537     0.00     0.00     0.00     0.00     0.00 -1 -1.54e-13      0.00 7.261e-01 2.593e-01 2.580e-03 7.052e-04 6.411e-03 -1.000 1.462e-02 2.986 3.277 3.306 2.960 2.739 2.548 2.327 2.161 2.145
0.0152 0.01508 9.00000 1.4500000477 2.5346016884    1.450  0.728  3.8497  4.222    1  0.000  0.537     0.00     0.00     0.00     0.00     0.00 -1 -1.54e-13      0.00 7.261e-01 2.592e-01 2.579e-03 7.051e-04 6.410e-03 -1.000 1.463e-02 2.950 3.237 3.264 2.923 2.706 2.518 2.301 2.138 2.122
0.0152 0.01508 9.00000 1.4922132492 2.5382392406    1.492  0.789  3.8580  4.206    1  0.000  0.536     0.00     0.00     0.00     0.00     0.00 -1 -1.48e-13      0.00 7.264e-01 2.590e-01 2.577e-03 7.046e-04 6.405e-03 -1.000 1.459e-02 2.797 3.064 3.081 2.765 2.565 2.391 2.192 2.046 2.031
0.0152 0.01508 9.00000 1.5000000000 2.5388846397    1.500  0.800  3.8594  4.203    1  0.000  0.536     0.00     0.00     0.00     0.00     0.00 -1 -1.47e-13      0.00 7.265e-01 2.590e-01 2.577e-03 7.045e-04 6.404e-03 -1.000 1.458e-02 2.769 3.032 3.048 2.736 2.539 2.368 2.172 2.029 2.014
0.0152 0.01508 9.00000 1.5023090839 2.5390744209    1.502  0.804  3.8599  4.202    1  0.000  0.536     0.00     0.00     0.00     0.00     0.00 -1 -1.46e-13      0.00 7.265e-01 2.589e-01 2.577e-03 7.044e-04 6.404e-03 -1.000 1.458e-02 2.761 3.023 3.038 2.727 2.531 2.361 2.167 2.024 2.009
0.0152 0.01508 9.00000 1.5499999523 2.5428512096    1.550  0.870  3.8683  4.183    1  0.000  0.536     0.00     0.00     0.00     0.00     0.00 -1  -1.3e-13      0.00 7.267e-01 2.588e-01 2.575e-03 7.038e-04 6.400e-03 -1.000 1.450e-02 2.595 2.843 2.846 2.558 2.379 2.225 2.048 1.921 1.907
0.0152 0.01508 9.00000 1.5530842543 2.5430862904    1.553  0.874  3.8688  4.182    1  0.000  0.536     0.00     0.00     0.00     0.00     0.00 -1 -1.28e-13      0.00 7.268e-01 2.587e-01 2.575e-03 7.038e-04 6.400e-03 -1.000 1.450e-02 2.585 2.832 2.834 2.548 2.370 2.217 2.041 1.915 1.900
0.0152 0.01508 9.00000 1.5960856676 2.5462553501    1.596  0.932  3.8755  4.163    1  0.000  0.536     0.00     0.00     0.00     0.00     0.00 -1 -1.04e-13      0.00 7.269e-01 2.586e-01 2.574e-03 7.036e-04 6.397e-03 -1.000 1.454e-02 2.440 2.678 2.668 2.401 2.237 2.096 1.934 1.820 1.806
0.0152 0.01508 9.00000 1.6000000238 2.5465342999    1.600  0.937  3.8760  4.161    1  0.000  0.536     0.00     0.00     0.00     0.00     0.00 -1 -1.02e-13      0.00 7.269e-01 2.586e-01 2.574e-03 7.036e-04 6.397e-03 -1.000 1.454e-02 2.427 2.664 2.653 2.387 2.224 2.085 1.924 1.811 1.798
0.0152 0.01508 9.00000 1.6316223145 2.5487298965    1.631  0.979  3.8801  4.144    1  0.000  0.536     0.00     0.00     0.00     0.00     0.00 -1 -7.29e-14      0.00 7.269e-01 2.585e-01 2.573e-03 7.036e-04 6.396e-03 -1.000 1.453e-02 2.323 2.554 2.536 2.282 2.127 1.996 1.843 1.738 1.724
0.0152 0.01508 9.00000 1.6500000954 2.5499615669    1.649  1.003  3.8822  4.133    1  0.000  0.536     0.00     0.00     0.00     0.00     0.00 -1 -6.03e-14      0.00 7.269e-01 2.585e-01 2.573e-03 7.036e-04 6.396e-03 -1.000 1.455e-02 2.263 2.492 2.470 2.221 2.071 1.944 1.795 1.694 1.680
0.0152 0.01508 9.00000 1.6682686806 2.5511550903    1.668  1.027  3.8841  4.122    1  0.000  0.536     0.00     0.00     0.00     0.00     0.00 -1 -3.95e-20      0.00 7.269e-01 2.585e-01 2.573e-03 7.036e-04 6.396e-03 -1.000 1.455e-02 2.204 2.430 2.404 2.161 2.015 1.892 1.747 1.649 1.636
0.0152 0.01508 9.00000 1.7000000477 2.5531582832    1.699  1.068  3.8872  4.101    1  0.000  0.537     0.00     0.00     0.00     0.00     0.00 -1    -1e-30      0.00 7.269e-01 2.586e-01 2.574e-03 7.038e-04 6.396e-03 -1.000 1.455e-02 2.101 2.324 2.290 2.057 1.918 1.801 1.662 1.570 1.556
0.0152 0.01508 9.00000 1.7347594500 2.5552561283    1.734  1.112  3.8901  4.077    1  0.000  0.537     0.00     0.00     0.00     0.00     0.00 -1    -1e-30      0.00 7.268e-01 2.586e-01 2.574e-03 7.040e-04 6.395e-03 -1.000 1.453e-02 1.989 2.209 2.168 1.943 1.811 1.700 1.567 1.480 1.467
0.0152 0.01508 9.00000 1.7500000000 2.5561456680    1.749  1.132  3.8911  4.065    1  0.000  0.537     0.00     0.00     0.00     0.00     0.00 -1    -1e-30      0.00 7.268e-01 2.587e-01 2.575e-03 7.040e-04 6.396e-03 -1.000 1.452e-02 1.940 2.159 2.115 1.894 1.765 1.655 1.525 1.439 1.426
0.0152 0.01508 9.00000 1.7714564800 2.5573682785    1.770  1.159  3.8925  4.049    1  0.000  0.537     0.00     0.00     0.00     0.00     0.00 -1    -1e-30      0.00 7.268e-01 2.587e-01 2.575e-03 7.041e-04 6.397e-03 -1.000 1.454e-02 1.872 2.089 2.042 1.825 1.699 1.593 1.464 1.381 1.368
0.0152 0.01508 9.00000 1.7999999523 2.5589430332    1.799  1.196  3.8935  4.023    1  0.000  0.537     0.00     0.00     0.00     0.00     0.00 -1    -1e-30      0.00 7.267e-01 2.587e-01 2.575e-03 7.043e-04 6.399e-03 -1.000 1.457e-02 1.781 1.998 1.945 1.733 1.610 1.506 1.380 1.299 1.286
0.0152 0.01508 9.00000 1.8009904623 2.5589966774    1.800  1.197  3.8936  4.023    1  0.000  0.537     0.00     0.00     0.00     0.00     0.00 -1    -1e-30      0.00 7.267e-01 2.587e-01 2.575e-03 7.043e-04 6.399e-03 -1.000 1.456e-02 1.777 1.994 1.942 1.730 1.607 1.503 1.377 1.296 1.283
0.0152 0.01508 9.00000 1.8274369240 2.5604035854    1.826  1.231  3.8940  3.997    1  0.000  0.537     0.00     0.00     0.00     0.00     0.00 -1    -1e-30      0.00 7.266e-01 2.589e-01 2.576e-03 7.048e-04 6.398e-03 -1.000 1.454e-02 1.693 1.910 1.854 1.645 1.523 1.420 1.295 1.215 1.201
0.0152 0.01508 9.00000 1.8500000238 2.5615673065    1.849  1.260  3.8938  3.973    1  0.000  0.537     0.00     0.00     0.00     0.00     0.00 -1    -1e-30      0.00 7.265e-01 2.590e-01 2.577e-03 7.053e-04 6.399e-03 -1.000 1.456e-02 1.621 1.839 1.780 1.572 1.450 1.348 1.222 1.143 1.129
0.0152 0.01508 9.00000 1.8599282503 2.5620689392    1.859  1.272  3.8936  3.962    1  0.000  0.537     0.00     0.00     0.00     0.00     0.00 -1    -1e-30      0.00 7.264e-01 2.590e-01 2.577e-03 7.053e-04 6.400e-03 -1.000 1.457e-02 1.590 1.808 1.747 1.540 1.418 1.316 1.190 1.110 1.096
0.0152 0.01508 9.00000 1.8873214722 2.5634222031    1.886  1.307  3.8925  3.929    1  0.000  0.537     0.00     0.00     0.00     0.00     0.00 -1    -1e-30      0.00 7.263e-01 2.591e-01 2.578e-03 7.054e-04 6.404e-03 -1.000 1.459e-02 1.504 1.724 1.661 1.452 1.329 1.226 1.097 1.016 1.002
0.0152 0.01508 9.00000 1.9000000954 2.5640332699    1.899  1.322  3.8915  3.912    1  0.000  0.537     0.00     0.00     0.00     0.00     0.00 -1    -1e-30      0.00 7.262e-01 2.592e-01 2.579e-03 7.054e-04 6.407e-03 -1.000 1.459e-02 1.464 1.686 1.622 1.412 1.287 1.182 1.051 0.969 0.955
0.0152 0.01508 9.00000 1.9200804234 2.5649821758    1.919  1.347  3.8897  3.885    1  0.000  0.537     0.00     0.00     0.00     0.00     0.00 -1    -1e-30      0.00 7.261e-01 2.593e-01 2.579e-03 7.055e-04 6.409e-03 -1.000 1.460e-02 1.402 1.626 1.561 1.348 1.220 1.113 0.979 0.894 0.880
0.0152 0.01508 9.00000 1.9500001669 2.5663545132    1.950  1.384  3.8855  3.838    1  0.000  0.537     0.00     0.00     0.00     0.00     0.00 -1    -1e-30      0.00 7.260e-01 2.595e-01 2.581e-03 7.058e-04 6.412e-03 -1.000 1.455e-02 1.309 1.542 1.476 1.254 1.119 1.005 0.862 0.771 0.756
0.0152 0.01508 9.00000 1.9757508039 2.5674972534    1.976  1.415  3.8805  3.792    1  0.000  0.537     0.00     0.00     0.00     0.00     0.00 -1    -1e-30      0.00 7.258e-01 2.596e-01 2.582e-03 7.061e-04 6.415e-03 -1.000 1.456e-02 1.232 1.474 1.409 1.174 1.031 0.908 0.756 0.657 0.642
0.0152 0.01508 9.00000 2.0000000000 2.5685424805    2.000  1.444  3.8742  3.744    1  0.000  0.537     0.00     0.00     0.00     0.00     0.00 -1    -1e-30      0.00 7.257e-01 2.598e-01 2.584e-03 7.065e-04 6.419e-03 -1.000 1.457e-02 1.161 1.417 1.353 1.102 0.947 0.813 0.648 0.540 0.523
0.0152 0.01508 9.00000 2.0021023750 2.5686318874    2.002  1.446  3.8736  3.740    1  0.000  0.537     0.00     0.00     0.00     0.00     0.00 -1    -1e-30      0.00 7.256e-01 2.598e-01 2.584e-03 7.065e-04 6.419e-03 -1.000 1.457e-02 1.154 1.412 1.348 1.096 0.939 0.805 0.639 0.530 0.513
0.0152 0.01508 9.00000 2.0220823288 2.5694694519    2.022  1.469  3.8668  3.694    1  0.000  0.537     0.00     0.00     0.00     0.00     0.00 -1    -1e-30      0.00 7.255e-01 2.599e-01 2.585e-03 7.069e-04 6.423e-03 -1.000 1.463e-02 1.097 1.370 1.309 1.038 0.868 0.722 0.542 0.421 0.404
0.0152 0.01508 9.00000 2.0426039696 2.5703101158    2.042  1.493  3.8585  3.642    1  0.000  0.537     0.00     0.00     0.00     0.00     0.00 -1    -1e-30      0.00 7.253e-01 2.601e-01 2.587e-03 7.073e-04 6.426e-03 -1.000 1.462e-02 1.039 1.333 1.275 0.981 0.796 0.635 0.437 0.303 0.284
0.0152 0.01508 9.00000 2.0499999523 2.5706083775    2.050  1.501  3.8553  3.622    1  0.000  0.537     0.00     0.00     0.00     0.00     0.00 -1    -1e-30      0.00 7.252e-01 2.602e-01 2.587e-03 7.074e-04 6.428e-03 -1.000 1.461e-02 1.018 1.322 1.264 0.962 0.770 0.603 0.399 0.259 0.239
0.0152 0.01508 9.00000 2.0634808540 2.5711457729    2.063  1.516  3.8489  3.584    1  0.000  0.537     0.00     0.00     0.00     0.00     0.00 -1    -1e-30      0.00 7.251e-01 2.603e-01 2.588e-03 7.076e-04 6.430e-03 -1.000 1.460e-02 0.981 1.305 1.248 0.928 0.723 0.545 0.327 0.175 0.154
0.0152 0.01508 9.00000 2.0773973465 2.5716919899    2.077  1.531  3.8414  3.542    1  0.000  0.537     0.00     0.00     0.00     0.00     0.00 -1    -1e-30      0.00 7.250e-01 2.604e-01 2.589e-03 7.078e-04 6.433e-03 -1.000 1.463e-02 0.942 1.291 1.236 0.893 0.673 0.482 0.247 0.081 0.059
0.0152 0.01508 9.00000 2.0936515331 2.5723195076    2.093  1.553  3.8341  3.494    1  0.000  0.537     0.00     0.00     0.00     0.00     0.00 -1    -1e-30      0.00 7.248e-01 2.606e-01 2.590e-03 7.081e-04 6.436e-03 -1.000 1.464e-02 0.887 1.264 1.208 0.842 0.608 0.405 0.153 -0.026 -0.050
0.0152 0.01508 9.00000 2.0999999046 2.5725615025    2.099  1.563  3.8320  3.477    1  0.000  0.537     0.00     0.00     0.00     0.00     0.00 -1    -1e-30      0.00 7.247e-01 2.606e-01 2.591e-03 7.082e-04 6.437e-03 -1.000 1.463e-02 0.862 1.247 1.190 0.818 0.581 0.373 0.117 -0.066 -0.090
0.0152 0.01508 9.00000 2.1010882854 2.5726029873    2.100  1.565  3.8317  3.474    1  0.000  0.537     0.00     0.00     0.00     0.00     0.00 -1    -1e-30      0.00 7.247e-01 2.606e-01 2.591e-03 7.082e-04 6.437e-03 -1.000 1.463e-02 0.858 1.244 1.187 0.814 0.576 0.368 0.111 -0.073 -0.097
0.0152 0.01508 9.00000 2.1069586277 2.5728249550    2.106  1.586  3.8377  3.478    1  0.000  0.537     0.00     0.00     0.00     0.00     0.00 -1    -1e-30      0.00 7.247e-01 2.607e-01 2.591e-03 7.083e-04 6.439e-03 -1.000 1.461e-02 0.804 1.169 1.108 0.755 0.529 0.333 0.089 -0.083 -0.106
0.0152 0.01508 9.00000 2.1104564667 2.5729565620    2.109  1.608  3.8470  3.494    1  0.000  0.537     0.00     0.00     0.00     0.00     0.00 -1    -1e-30      0.00 7.246e-01 2.608e-01 2.592e-03 7.084e-04 6.439e-03 -1.000 1.461e-02 0.749 1.084 1.017 0.694 0.487 0.307 0.085 -0.069 -0.091
0.0152 0.01508 9.00000 2.1118061543 2.5730073452    2.111  1.627  3.8569  3.515    1  0.000  0.537     0.00     0.00     0.00     0.00     0.00 -1    -1e-30      0.00 7.246e-01 2.608e-01 2.592e-03 7.085e-04 6.440e-03 -1.000 1.461e-02 0.701 1.006 0.933 0.640 0.454 0.292 0.091 -0.044 -0.064
0.0152 0.01508 9.00000 2.1124961376 2.5730330944    2.111  1.647  3.8668  3.535    1  0.000  0.537     0.00     0.00     0.00     0.00     0.00 -1    -1e-30      0.00 7.246e-01 2.608e-01 2.592e-03 7.085e-04 6.440e-03 -1.000 1.461e-02 0.653 0.933 0.851 0.588 0.422 0.280 0.099 -0.018 -0.037
0.0152 0.01508 9.00000 2.1128990650 2.5730483532    2.112  1.667  3.8767  3.554    1  0.000  0.537     0.00     0.00     0.00     0.00     0.00 -1    -1e-30      0.00 7.246e-01 2.608e-01 2.592e-03 7.085e-04 6.440e-03 -1.000 1.461e-02 0.602 0.859 0.768 0.534 0.389 0.265 0.105 0.004 -0.014
0.0152 0.01508 9.00000 2.1131465435 2.5730576515    2.112  1.690  3.8863  3.570    1  0.000  0.537     0.00     0.00     0.00     0.00     0.00 -1    -1e-30      0.00 7.246e-01 2.608e-01 2.592e-03 7.085e-04 6.440e-03 -1.000 1.461e-02 0.545 0.782 0.682 0.478 0.353 0.246 0.105 0.020 0.003
0.0152 0.01508 9.00000 2.1133127213 2.5730638504    2.112  1.713  3.8953  3.583    1  0.000  0.537     0.00     0.00     0.00     0.00     0.00 -1    -1e-30      0.00 7.246e-01 2.608e-01 2.592e-03 7.085e-04 6.440e-03 -1.000 1.461e-02 0.487 0.706 0.598 0.424 0.317 0.226 0.101 0.029 0.014
0.0152 0.01508 9.00000 2.1134197712 2.5730676651    2.112  1.724  3.9003  3.592    1  0.000  0.537     0.00     0.00     0.00     0.00     0.00 -1    -1e-30      0.00 7.246e-01 2.608e-01 2.592e-03 7.085e-04 6.440e-03 -1.000 1.461e-02 0.459 0.668 0.557 0.400 0.303 0.220 0.104 0.039 0.024
0.0152 0.01508 9.00000 2.1134815216 2.5730700493    2.112  1.700  3.8955  3.596    2  0.000  0.537     0.00     0.00     0.00     0.00     0.00 -1    -1e-30      0.00 7.246e-01 2.608e-01 2.592e-03 7.085e-04 6.440e-03 -1.000 1.461e-02 0.519 0.738 0.631 0.457 0.351 0.259 0.135 0.063 0.048
0.0152 0.01508 9.00000 2.1135396957 2.5730721951    2.112  1.674  3.8881  3.594    2  0.000  0.537     0.00     0.00     0.00     0.00     0.00 -1    -1e-30      0.00 7.246e-01 2.608e-01 2.592e-03 7.085e-04 6.440e-03 -1.000 1.461e-02 0.586 0.819 0.719 0.520 0.398 0.294 0.156 0.074 0.058
0.0152 0.01508 9.00000 2.1135952473 2.5730743408    2.113  1.656  3.8791  3.575    2  0.000  0.537     0.00     0.00     0.00     0.00     0.00 -1    -1e-30      0.00 7.246e-01 2.608e-01 2.592e-03 7.085e-04 6.440e-03 -1.000 1.461e-02 0.630 0.881 0.790 0.563 0.422 0.302 0.147 0.050 0.033
0.0152 0.01508 9.00000 2.1136703491 2.5730772018    2.113  1.650  3.8676  3.536    2  0.000  0.537     0.00     0.00     0.00     0.00     0.00 -1    -1e-30      0.00 7.246e-01 2.608e-01 2.592e-03 7.085e-04 6.440e-03 -1.000 1.461e-02 0.646 0.923 0.841 0.580 0.416 0.275 0.096 -0.020 -0.038
0.0152 0.01508 9.00000 2.1137590408 2.5730805397    2.113  1.656  3.8560  3.483    2  0.000  0.537     0.00     0.00     0.00     0.00     0.00 -1    -1e-30      0.00 7.246e-01 2.608e-01 2.592e-03 7.086e-04 6.440e-03 -1.000 1.461e-02 0.630 0.939 0.862 0.568 0.381 0.218 0.015 -0.121 -0.141
0.0152 0.01508 9.00000 2.1138637066 2.5730843544    2.113  1.664  3.8444  3.428    2  0.000  0.537     0.00     0.00     0.00     0.00     0.00 -1    -1e-30      0.00 7.246e-01 2.608e-01 2.592e-03 7.086e-04 6.441e-03 -1.000 1.461e-02 0.610 0.955 0.883 0.554 0.343 0.160 -0.069 -0.226 -0.249
0.0152 0.01508 9.00000 2.1139819622 2.5730888844    2.113  1.669  3.8328  3.377    2  0.000  0.537     0.00     0.00     0.00     0.00     0.00 -1    -1e-30      0.00 7.246e-01 2.608e-01 2.592e-03 7.086e-04 6.441e-03 -1.000 1.461e-02 0.598 0.986 0.916 0.550 0.316 0.112 -0.143 -0.323 -0.347
0.0152 0.01508 9.00000 2.1141130924 2.5730936527    2.113  1.670  3.8216  3.331    2  0.000  0.537     0.00     0.00     0.00     0.00     0.00 -1    -1e-30      0.00 7.246e-01 2.608e-01 2.592e-03 7.086e-04 6.441e-03 -1.000 1.461e-02 0.595 1.034 0.962 0.557 0.300 0.076 -0.205 -0.407 -0.433
0.0152 0.01508 9.00000 2.1142573357 2.5730991364    2.113  1.668  3.8109  3.290    2  0.000  0.537     0.00     0.00     0.00     0.00     0.00 -1    -1e-30      0.00 7.246e-01 2.608e-01 2.592e-03 7.086e-04 6.441e-03 -1.000 1.461e-02 0.599 1.095 1.015 0.571 0.292 0.049 -0.256 -0.480 -0.509
0.0152 0.01508 9.00000 2.1144199371 2.5731050968    2.113  1.664  3.8010  3.255    2  0.000  0.537     0.00     0.00     0.00     0.00     0.00 -1    -1e-30      0.00 7.246e-01 2.608e-01 2.592e-03 7.086e-04 6.441e-03 -1.000 1.462e-02 0.609 1.175 1.079 0.592 0.291 0.031 -0.298 -0.542 -0.574
0.0152 0.01508 9.00000 2.1146135330 2.5731124878    2.114  1.657  3.7916  3.224    2  0.000  0.537     0.00     0.00     0.00     0.00     0.00 -1    -1e-30      0.00 7.246e-01 2.608e-01 2.592e-03 7.086e-04 6.441e-03 -1.000 1.462e-02 0.627 1.268 1.150 0.622 0.300 0.023 -0.329 -0.593 -0.628
0.0152 0.01508 9.00000 2.1148631573 2.5731217861    2.114  1.645  3.7819  3.198    2  0.000  0.537     0.00     0.00     0.00     0.00     0.00 -1    -1e-30      0.00 7.246e-01 2.608e-01 2.592e-03 7.086e-04 6.441e-03 -1.000 1.462e-02 0.657 1.384 1.239 0.667 0.323 0.029 -0.347 -0.632 -0.671
0.0152 0.01508 9.00000 2.1151816845 2.5731337070    2.114  1.625  3.7714  3.176    2  0.000  0.537     0.00     0.00     0.00     0.00     0.00 -1    -1e-30      0.00 7.245e-01 2.608e-01 2.592e-03 7.086e-04 6.441e-03 -1.000 1.462e-02 0.708 1.542 1.358 0.737 0.369 0.056 -0.349 -0.659 -0.701
0.0152 0.01508 9.00000 2.1154582500 2.5731439590    2.114  1.603  3.7631  3.165    2  0.000  0.537     0.00     0.00     0.00     0.00     0.00 -1    -1e-30      0.00 7.241e-01 2.612e-01 2.595e-03 7.094e-04 6.448e-03 -1.000 1.465e-02 0.763 1.686 1.468 0.811 0.423 0.095 -0.332 -0.662 -0.707
0.0152 0.01508 9.00000 2.1157557964 2.5731551647    2.115  1.573  3.7546  3.161    2  0.000  0.537     0.00     0.00     0.00     0.00     0.00 -1    -1e-30      0.00 7.218e-01 2.635e-01 2.613e-03 7.142e-04 6.491e-03 -1.000 1.476e-02 0.837 1.857 1.599 0.905 0.498 0.155 -0.296 -0.647 -0.695
0.0152 0.01508 9.00000 2.1160221100 2.5731651783    2.115  1.542  3.7473  3.162    2  0.000  0.537     0.00     0.00     0.00     0.00     0.00 -1    -1e-30      0.00 7.181e-01 2.670e-01 2.642e-03 7.218e-04 6.559e-03 -1.000 1.490e-02 0.915 2.025 1.727 1.003 0.578 0.223 -0.250 -0.620 -0.670
0.0152 0.01508 9.00000 2.1162528992 2.5731737614    2.115  1.513  3.7412  3.167    2  0.000  0.537     0.00     0.00     0.00     0.00     0.00 -1    -1e-30      0.00 7.158e-01 2.692e-01 2.659e-03 7.265e-04 6.601e-03 -1.000 1.501e-02 0.988 2.178 1.842 1.093 0.654 0.289 -0.203 -0.590 -0.642
0.0152 0.01508 9.00000 2.1165449619 2.5731844902    2.115  1.478  3.7336  3.172    2  0.000  0.537     0.00     0.00     0.00     0.00     0.00 -1    -1e-30      0.00 7.139e-01 2.710e-01 2.674e-03 7.304e-04 6.636e-03 -1.000 1.507e-02 1.076 2.372 1.984 1.205 0.748 0.369 -0.145 -0.553 -0.607
0.0152 0.01508 9.00000 2.1167640686 2.5731928349    2.116  1.455  3.7280  3.173    2  0.000  0.537     0.00     0.00     0.00     0.00     0.00 -1    -1e-30      0.00 7.129e-01 2.720e-01 2.682e-03 7.325e-04 6.654e-03 -1.000 1.510e-02 1.133 2.510 2.082 1.280 0.810 0.422 -0.110 -0.533 -0.588
0.0152 0.01508 9.00000 2.1171402931 2.5732069016    2.116  1.447  3.7194  3.146    3  0.000  0.537     0.00     0.00     0.00     0.00     0.00 -1    -1e-30      0.00 7.118e-01 2.730e-01 2.688e-03 7.343e-04 6.670e-03 -1.000 1.516e-02 1.151 2.661 2.166 1.328 0.837 0.435 -0.125 -0.571 -0.629
0.0152 0.01508 9.00000 2.1175911427 2.5732235909    2.116  1.469  3.7106  3.090    3  0.000  0.535     0.00     0.00     0.00     0.00     0.00 -1    -1e-30      0.00 7.107e-01 2.741e-01 2.683e-03 7.387e-04 6.684e-03 -1.000 1.519e-02 1.099 2.755 2.185 1.309 0.796 0.378 -0.211 -0.681 -0.743
0.0152 0.01508 9.00000 2.1179664135 2.5732376575    2.117  1.507  3.7048  3.028    3  0.000  0.516     0.00     0.00     0.00     0.00     0.00 -1    -1e-30      0.00 7.097e-01 2.751e-01 2.591e-03 8.140e-04 6.691e-03 -1.000 1.521e-02 1.004 2.764 2.141 1.239 0.711 0.282 -0.327 -0.813 -0.878
0.0152 0.01508 9.00000 2.1182663441 2.5732488632    2.117  1.543  3.7008  2.976    3  0.000  0.482     0.00     0.00     0.00     0.00     0.00 -1    -1e-30      0.00 7.088e-01 2.759e-01 2.418e-03 9.998e-04 6.695e-03 -1.000 1.524e-02 0.913 2.743 2.084 1.164 0.627 0.191 -0.432 -0.929 -0.995
0.0152 0.01508 9.00000 2.1185662746 2.5732598305    2.117  1.582  3.6973  2.924    3  0.000  0.442     0.00     0.00     0.00     0.00     0.00 -1    -1e-30      0.00 7.079e-01 2.769e-01 2.219e-03 1.238e-03 6.698e-03 -1.000 1.529e-02 0.816 2.711 2.019 1.084 0.537 0.094 -0.540 -1.048 -1.115
0.0152 0.01508 9.00000 2.1188628674 2.5732710361    2.118  1.621  3.6942  2.871    3  0.000  0.412     0.00     0.00     0.00     0.00     0.00 -1    -1e-30      0.00 7.068e-01 2.778e-01 2.072e-03 1.420e-03 6.700e-03 -1.000 1.531e-02 0.717 2.671 1.949 1.000 0.445 -0.004 -0.650 -1.166 -1.236
0.0152 0.01508 9.00000 2.1191515923 2.5732817650    2.118  1.661  3.6912  2.820    3  0.000  0.393     0.00     0.00     0.00     0.00     0.00 -1    -1e-30      0.00 7.059e-01 2.788e-01 1.976e-03 1.540e-03 6.703e-03 -1.000 1.535e-02 0.618 2.627 1.877 0.914 0.352 -0.103 -0.760 -1.284 -1.355
0.0152 0.01508 9.00000 2.1194310188 2.5732920170    2.118  1.700  3.6883  2.769    3  0.000  0.380     0.00     0.00     0.00     0.00     0.00 -1    -1e-30      0.00 7.048e-01 2.798e-01 1.913e-03 1.625e-03 6.705e-03 -1.000 1.539e-02 0.520 2.584 1.807 0.831 0.260 -0.200 -0.867 -1.400 -1.473
0.0152 0.01508 9.00000 2.1197054386 2.5733022690    2.119  1.739  3.6856  2.719    3  0.000  0.373     0.00     0.00     0.00     0.00     0.00 -1    -1e-30      0.00 7.033e-01 2.813e-01 1.869e-03 1.709e-03 6.682e-03 -1.000 1.540e-02 0.422 2.540 1.736 0.747 0.169 -0.296 -0.974 -1.514 -1.589
0.0152 0.01508 9.00000 2.1199781895 2.5733125210    2.119  1.778  3.6830  2.670    3  0.000  0.370     0.00     0.00     0.00     0.00     0.00 -1    -1e-30      0.00 7.008e-01 2.839e-01 1.834e-03 1.812e-03 6.614e-03 -1.000 1.538e-02 0.326 2.496 1.665 0.665 0.080 -0.391 -1.078 -1.627 -1.703
0.0152 0.01508 9.00000 2.1201827526 2.5733201504    2.119  1.807  3.6811  2.634    3  0.000  0.368     0.00     0.00     0.00     0.00     0.00 -1    -1e-30      0.00 6.984e-01 2.862e-01 1.811e-03 1.892e-03 6.554e-03 -1.000 1.540e-02 0.254 2.461 1.612 0.603 0.013 -0.462 -1.156 -1.710 -1.788
0.0152 0.01508 9.00000 2.1202526093 2.5733227730    2.119  1.816  3.6804  2.621    3  0.000  0.368     0.00     0.00     0.00     0.00     0.00 -1    -1e-30      0.00 6.975e-01 2.870e-01 1.805e-03 1.917e-03 6.534e-03 -1.000 1.541e-02 0.229 2.449 1.593 0.581 -0.010 -0.486 -1.183 -1.739 -1.817
0.0152 0.01508 9.00000 2.1205317974 2.5733330250    2.119  1.856  3.6778  2.572    3  0.000  0.367     0.00     0.00     0.00     0.00     0.00 -1    -1e-30      0.00 6.941e-01 2.904e-01 1.782e-03 2.008e-03 6.463e-03 -1.000 1.545e-02 0.130 2.403 1.521 0.497 -0.102 -0.583 -1.290 -1.854 -1.933
0.0152 0.01508 9.00000 2.1206014156 2.5733356476    2.119  1.866  3.6772  2.559    3  0.000  0.367     0.00     0.00     0.00     0.00     0.00 -1    -1e-30      0.00 6.934e-01 2.912e-01 1.777e-03 2.027e-03 6.447e-03 -1.000 1.540e-02 0.105 2.391 1.502 0.476 -0.125 -0.608 -1.317 -1.883 -1.962
0.0152 0.01508 9.00000 2.1206696033 2.5733382702    2.120  1.876  3.6766  2.547    3  0.000  0.367     0.00     0.00     0.00     0.00     0.00 -1    -1e-30      0.00 6.927e-01 2.919e-01 1.772e-03 2.044e-03 6.433e-03 -1.000 1.539e-02 0.080 2.380 1.485 0.455 -0.148 -0.632 -1.344 -1.911 -1.991
0.0152 0.01508 9.00000 2.1209392548 2.5733482838    2.120  1.915  3.6740  2.497    3  0.000  0.367     0.00     0.00     0.00     0.00     0.00 -1    -1e-30      0.00 6.899e-01 2.947e-01 1.757e-03 2.107e-03 6.383e-03 -1.000 1.542e-02 -0.018 2.336 1.413 0.371 -0.239 -0.728 -1.450 -2.025 -2.107
0.0152 0.01508 9.00000 2.1212043762 2.5733580589    2.120  1.954  3.6714  2.447    3  0.000  0.367     0.00     0.00     0.00     0.00     0.00 -1    -1e-30      0.00 6.874e-01 2.972e-01 1.744e-03 2.159e-03 6.342e-03 -1.000 1.540e-02 -0.116 2.307 1.347 0.289 -0.330 -0.825 -1.557 -2.139 -2.222
0.0152 0.01508 9.00000 2.1214642525 2.5733675957    2.120  1.994  3.6687  2.397    3  0.000  0.366     0.00     0.00     0.00     0.00     0.00 -1    -1e-30      0.00 6.854e-01 2.992e-01 1.735e-03 2.199e-03 6.309e-03 -1.000 1.540e-02 -0.214 2.280 1.283 0.207 -0.421 -0.922 -1.663 -2.253 -2.338
0.0152 0.01508 9.00000 2.1217188835 2.5733771324    2.121  2.033  3.6660  2.348    3  0.000  0.366     0.00     0.00     0.00     0.00     0.00 -1    -1e-30      0.00 6.837e-01 3.009e-01 1.727e-03 2.231e-03 6.284e-03 -1.000 1.539e-02 -0.312 2.257 1.220 0.127 -0.510 -1.017 -1.769 -2.367 -2.454
0.0152 0.01508 9.00000 2.1219687462 2.5733864307    2.121  2.072  3.6633  2.298    3  0.000  0.366     0.00     0.00     0.00     0.00     0.00 -1    -1e-30      0.00 6.823e-01 3.023e-01 1.721e-03 2.256e-03 6.263e-03 -1.000 1.537e-02 -0.409 2.234 1.157 0.048 -0.599 -1.113 -1.875 -2.481 -2.569
0.0152 0.01508 9.00000 2.1222088337 2.5733952522    2.121  2.110  3.6605  2.249    3  0.000  0.366     0.00     0.00     0.00     0.00     0.00 -1    -1e-30      0.00 6.812e-01 3.034e-01 1.717e-03 2.275e-03 6.248e-03 -1.000 1.539e-02 -0.504 2.215 1.098 -0.030 -0.686 -1.205 -1.978 -2.592 -2.682
0.0152 0.01508 9.00000 2.1225211620 2.5734069347    2.121  2.160  3.6569  2.184    3  0.000  0.366     0.00     0.00     0.00     0.00     0.00 -1    -1e-30      0.00 6.802e-01 3.045e-01 1.712e-03 2.294e-03 6.233e-03 -1.000 1.537e-02 -0.630 2.194 1.022 -0.129 -0.799 -1.327 -2.115 -2.739 -2.831
0.0152 0.01508 9.00000 2.1227850914 2.5734167099    2.122  2.203  3.6537  2.128    3  0.000  0.366     0.00     0.00     0.00     0.00     0.00 -1    -1e-30      0.00 6.796e-01 3.051e-01 1.710e-03 2.304e-03 6.224e-03 -1.000 1.537e-02 -0.738 2.178 0.957 -0.215 -0.896 -1.433 -2.233 -2.866 -2.961
0.0152 0.01508 9.00000 2.1230127811 2.5734250546    2.122  2.241  3.6508  2.079    3  0.000  0.366     0.00     0.00     0.00     0.00     0.00 -1    -1e-30      0.00 6.792e-01 3.054e-01 1.708e-03 2.310e-03 6.220e-03 -1.000 1.537e-02 -0.833 2.167 0.901 -0.289 -0.981 -1.524 -2.336 -2.978 -3.075
0.0152 0.01508 9.00000 2.1232728958 2.5734348297    2.122  2.286  3.6475  2.021    3  0.000  0.366     0.00     0.00     0.00     0.00     0.00 -1    -1e-30      0.00 6.790e-01 3.056e-01 1.708e-03 2.314e-03 6.217e-03 -1.000 1.537e-02 -0.944 2.157 0.839 -0.373 -1.078 -1.631 -2.456 -3.108 -3.207
0.0152 0.01508 9.00000 2.1235272884 2.5734441280    2.122  2.330  3.6442  1.964    3  0.000  0.366     0.00     0.00     0.00     0.00     0.00 -1    -1e-30      0.00 6.789e-01 3.057e-01 1.707e-03 2.315e-03 6.216e-03 -1.000 1.537e-02 -1.054 2.132 0.778 -0.458 -1.175 -1.735 -2.574 -3.233 -3.336
0.0152 0.01508 9.00000 2.1238086224 2.5734546185    2.123  2.377  3.6405  1.902    3  0.000  0.366     0.00     0.00     0.00     0.00     0.00 -1    -1e-30      0.00 6.789e-01 3.057e-01 1.707e-03 2.315e-03 6.216e-03 -1.000 1.537e-02 -1.173 2.097 0.713 -0.551 -1.278 -1.847 -2.701 -3.366 -3.474
0.0152 0.01508 9.00000 2.1240866184 2.5734648705    2.123  2.422  3.6370  1.843    3  0.000  0.366     0.00     0.00     0.00     0.00     0.00 -1    -1e-30      0.00 6.789e-01 3.057e-01 1.707e-03 2.316e-03 6.216e-03 -1.000 1.537e-02 -1.286 2.062 0.653 -0.637 -1.373 -1.951 -2.820 -3.491 -3.605
0.0152 0.01508 9.00000 2.1243755817 2.5734755993    2.123  2.463  3.6338  1.789    3  0.000  0.366     0.00     0.00     0.00     0.00     0.00 -1    -1e-30      0.00 6.789e-01 3.057e-01 1.707e-03 2.316e-03 6.215e-03 -1.000 1.537e-02 -1.388 2.026 0.597 -0.716 -1.460 -2.047 -2.929 -3.605 -3.724
0.0152 0.01508 9.00000 2.1245696545 2.5734827518    2.123  2.484  3.6321  1.761    3  0.000  0.366     0.00     0.00     0.00     0.00     0.00 -1    -1e-30      0.00 6.789e-01 3.057e-01 1.707e-03 2.316e-03 6.215e-03 -1.000 1.537e-02 -1.441 2.009 0.568 -0.756 -1.504 -2.095 -2.985 -3.664 -3.786
0.0152 0.01508 9.00000 2.1246247292 2.5734848976    2.123  2.465  3.6337  1.786    4  0.000  0.366     0.00     0.00     0.00     0.00     0.00 -1    -1e-30      0.00 6.789e-01 3.057e-01 1.707e-03 2.316e-03 6.215e-03 -1.000 1.537e-02 -1.393 2.025 0.594 -0.720 -1.464 -2.051 -2.934 -3.610 -3.730
0.0152 0.01508 9.00000 2.1246550083 2.5734858513    2.123  2.427  3.6367  1.837    4  0.000  0.366     0.00     0.00     0.00     0.00     0.00 -1    -1e-30      0.00 6.789e-01 3.057e-01 1.707e-03 2.316e-03 6.215e-03 -1.000 1.537e-02 -1.297 2.055 0.646 -0.647 -1.383 -1.962 -2.832 -3.503 -3.618
0.0152 0.01508 9.00000 2.1246800423 2.5734868050    2.123  2.388  3.6398  1.888    4  0.000  0.366     0.00     0.00     0.00     0.00     0.00 -1    -1e-30      0.00 6.789e-01 3.057e-01 1.707e-03 2.316e-03 6.215e-03 -1.000 1.537e-02 -1.200 2.084 0.696 -0.574 -1.302 -1.872 -2.729 -3.395 -3.504
0.0152 0.01508 9.00000 2.1247098446 2.5734879971    2.124  2.339  3.6436  1.953    4  0.000  0.366     0.00     0.00     0.00     0.00     0.00 -1    -1e-30      0.00 6.789e-01 3.057e-01 1.707e-03 2.316e-03 6.215e-03 -1.000 1.537e-02 -1.077 2.121 0.763 -0.478 -1.196 -1.757 -2.598 -3.258 -3.362
0.0152 0.01508 9.00000 2.1247467995 2.5734891891    2.124  2.286  3.6477  2.021    4  0.000  0.366     0.00     0.00     0.00     0.00     0.00 -1    -1e-30      0.00 6.789e-01 3.057e-01 1.707e-03 2.316e-03 6.215e-03 -1.000 1.537e-02 -0.946 2.149 0.834 -0.377 -1.081 -1.633 -2.458 -3.109 -3.208
0.0152 0.01508 9.00000 2.1247954369 2.5734910965    2.124  2.235  3.6516  2.088    4  0.000  0.366     0.00     0.00     0.00     0.00     0.00 -1    -1e-30      0.00 6.789e-01 3.057e-01 1.707e-03 2.316e-03 6.215e-03 -1.000 1.537e-02 -0.819 2.160 0.906 -0.279 -0.969 -1.511 -2.319 -2.959 -3.055
0.0152 0.01508 9.00000 2.1248586178 2.5734934807    2.124  2.186  3.6554  2.153    4  0.000  0.366     0.00     0.00     0.00     0.00     0.00 -1    -1e-30      0.00 6.789e-01 3.057e-01 1.707e-03 2.316e-03 6.215e-03 -1.000 1.537e-02 -0.695 2.174 0.977 -0.183 -0.859 -1.391 -2.184 -2.813 -2.906
0.0152 0.01508 9.00000 2.1249372959 2.5734963417    2.124  2.137  3.6590  2.216    4  0.000  0.366     0.00     0.00     0.00     0.00     0.00 -1    -1e-30      0.00 6.789e-01 3.057e-01 1.707e-03 2.316e-03 6.215e-03 -1.000 1.537e-02 -0.572 2.190 1.050 -0.088 -0.749 -1.272 -2.051 -2.669 -2.760
0.0152 0.01508 9.00000 2.1250312328 2.5734999180    2.124  2.089  3.6626  2.279    4  0.000  0.366     0.00     0.00     0.00     0.00     0.00 -1    -1e-30      0.00 6.789e-01 3.057e-01 1.707e-03 2.316e-03 6.215e-03 -1.000 1.537e-02 -0.452 2.211 1.123 0.008 -0.641 -1.155 -1.920 -2.527 -2.616
0.0152 0.01508 9.00000 2.1251413822 2.5735039711    2.124  2.043  3.6661  2.339    4  0.000  0.366     0.00     0.00     0.00     0.00     0.00 -1    -1e-30      0.00 6.789e-01 3.057e-01 1.707e-03 2.316e-03 6.215e-03 -1.000 1.537e-02 -0.337 2.232 1.194 0.101 -0.536 -1.043 -1.794 -2.391 -2.478
0.0152 0.01508 9.00000 2.1252739429 2.5735087395    2.124  1.999  3.6692  2.395    4  0.000  0.366     0.00     0.00     0.00     0.00     0.00 -1    -1e-30      0.00 6.789e-01 3.057e-01 1.707e-03 2.316e-03 6.215e-03 -1.000 1.537e-02 -0.227 2.255 1.263 0.190 -0.436 -0.936 -1.675 -2.263 -2.348
0.0152 0.01508 9.00000 2.1254465580 2.5735151768    2.124  1.957  3.6723  2.449    4  0.000  0.366     0.00     0.00     0.00     0.00     0.00 -1    -1e-30      0.00 6.789e-01 3.058e-01 1.707e-03 2.316e-03 6.215e-03 -1.000 1.537e-02 -0.123 2.279 1.330 0.276 -0.340 -0.833 -1.561 -2.141 -2.223
0.0152 0.01508 9.00000 2.1257014275 2.5735244751    2.124  1.916  3.6753  2.502    4  0.000  0.366     0.00     0.00     0.00     0.00     0.00 -1    -1e-30      0.00 6.789e-01 3.058e-01 1.707e-03 2.316e-03 6.215e-03 -1.000 1.537e-02 -0.021 2.304 1.396 0.361 -0.245 -0.732 -1.448 -2.019 -2.100
0.0152 0.01508 9.00000 2.1260733604 2.5735383034    2.125  1.871  3.6786  2.561    4  0.000  0.366     0.00     0.00     0.00     0.00     0.00 -1    -1e-30      0.00 6.789e-01 3.058e-01 1.707e-03 2.317e-03 6.215e-03 -1.000 1.537e-02 0.093 2.349 1.476 0.455 -0.141 -0.621 -1.325 -1.886 -1.965
0.0152 0.01508 9.00000 2.1263694763 2.5735492706    2.125  1.832  3.6814  2.612    4  0.000  0.366     0.00     0.00     0.00     0.00     0.00 -1    -1e-30      0.00 6.789e-01 3.058e-01 1.707e-03 2.317e-03 6.215e-03 -1.000 1.537e-02 0.191 2.390 1.546 0.538 -0.051 -0.525 -1.218 -1.771 -1.848
0.0152 0.01508 9.00000 2.1266489029 2.5735595226    2.125  1.796  3.6840  2.657    4  0.000  0.366     0.00     0.00     0.00     0.00     0.00 -1    -1e-30      0.00 6.789e-01 3.058e-01 1.707e-03 2.317e-03 6.215e-03 -1.000 1.537e-02 0.279 2.428 1.609 0.612 0.031 -0.438 -1.122 -1.667 -1.742
0.0152 0.01508 9.00000 2.1271350384 2.5735774040    2.126  1.745  3.6877  2.723    4  0.000  0.366     0.00     0.00     0.00     0.00     0.00 -1    -1e-30      0.00 6.789e-01 3.058e-01 1.707e-03 2.317e-03 6.214e-03 -1.000 1.537e-02 0.407 2.483 1.700 0.721 0.149 -0.312 -0.982 -1.516 -1.590
0.0152 0.01508 9.00000 2.1277003288 2.5735983849    2.126  1.702  3.6909  2.779    4  0.000  0.366     0.00     0.00     0.00     0.00     0.00 -1    -1e-30      0.00 6.789e-01 3.058e-01 1.707e-03 2.317e-03 6.214e-03 -1.000 1.537e-02 0.514 2.528 1.777 0.812 0.249 -0.206 -0.864 -1.389 -1.461
0.0152 0.01508 9.00000 2.1284861565 2.5736272335    2.127  1.660  3.6942  2.834    4  0.000  0.366     0.00     0.00     0.00     0.00     0.00 -1    -1e-30      0.00 6.788e-01 3.058e-01 1.707e-03 2.318e-03 6.214e-03 -1.000 1.537e-02 0.620 2.572 1.852 0.902 0.347 -0.101 -0.748 -1.263 -1.333
0.0152 0.01508 9.00000 2.1298422813 2.5736773014    2.129  1.619  3.6976  2.889    4  0.000  0.366     0.00     0.00     0.00     0.00     0.00 -1    -1e-30      0.00 6.788e-01 3.058e-01 1.707e-03 2.318e-03 6.213e-03 -1.000 1.537e-02 0.722 2.610 1.922 0.988 0.442 0.000 -0.634 -1.140 -1.208
0.0152 0.01508 9.00000 2.1306061745 2.5737054348    2.129  1.606  3.6988  2.907    4  0.000  0.366     0.00     0.00     0.00     0.00     0.00 -1    -1e-30      0.00 6.788e-01 3.058e-01 1.707e-03 2.319e-03 6.213e-03 -1.000 1.537e-02 0.754 2.620 1.943 1.014 0.472 0.032 -0.598 -1.100 -1.168
0.0152 0.01508 9.00000 2.1331858635 2.5738000870    2.132  1.611  3.6988  2.903    4  0.000  0.366     0.00     0.00     0.00     0.00     0.00 -1    -1e-30      0.00 6.788e-01 3.058e-01 1.706e-03 2.320e-03 6.212e-03 -1.000 1.537e-02 0.743 2.610 1.933 1.003 0.461 0.021 -0.609 -1.112 -1.179
0.0152 0.01508 9.00000 2.1500000954 2.5744106770    2.149  1.632  3.6991  2.887    4  0.000  0.366     0.00     0.00     0.00     0.00     0.00 -1    -1e-30      0.00 6.786e-01 3.060e-01 1.705e-03 2.327e-03 6.206e-03 -1.000 1.537e-02 0.690 2.549 1.877 0.949 0.408 -0.032 -0.660 -1.162 -1.229
0.0152 0.01508 9.00000 2.1750931740 2.5753018856    2.174  1.668  3.6995  2.857    5  0.000  0.366     0.00     0.00     0.00     0.00     0.00 -1    -1e-30      0.00 6.783e-01 3.063e-01 1.703e-03 2.341e-03 6.193e-03 -1.000 1.537e-02 0.601 2.453 1.784 0.857 0.318 -0.121 -0.748 -1.249 -1.316
0.0152 0.01508 9.00000 2.2000000477 2.5761635303    2.199  1.706  3.6996  2.824    5  0.000  0.367     0.00     0.00     0.00     0.00     0.00 -1    -1e-30      0.00 6.780e-01 3.066e-01 1.701e-03 2.354e-03 6.180e-03 -1.000 1.537e-02 0.504 2.351 1.686 0.759 0.220 -0.218 -0.845 -1.345 -1.412
0.0152 0.01508 9.00000 2.2159650326 2.5767040253    2.215  1.734  3.6995  2.799    5  0.000  0.367     0.00     0.00     0.00     0.00     0.00 -1    -1e-30      0.00 6.779e-01 3.067e-01 1.700e-03 2.361e-03 6.175e-03 -1.000 1.537e-02 0.435 2.285 1.619 0.691 0.152 -0.287 -0.914 -1.414 -1.481
0.0152 0.01508 9.00000 2.2371671200 2.5774080753    2.236  1.773  3.6988  2.762    5  0.000  0.367     0.00     0.00     0.00     0.00     0.00 -1    -1e-30      0.00 6.778e-01 3.069e-01 1.699e-03 2.369e-03 6.167e-03 -1.000 1.537e-02 0.338 2.198 1.527 0.596 0.056 -0.384 -1.014 -1.515 -1.583
0.0152 0.01508 9.00000 2.2500000000 2.5778269768    2.249  1.798  3.6981  2.737    5  0.000  0.367     0.00     0.00     0.00     0.00     0.00 -1    -1e-30      0.00 6.777e-01 3.070e-01 1.698e-03 2.375e-03 6.163e-03 -1.000 1.537e-02 0.276 2.150 1.472 0.537 -0.004 -0.446 -1.079 -1.582 -1.650
0.0152 0.01508 9.00000 2.2634665966 2.5782604218    2.262  1.825  3.6970  2.707    5  0.000  0.367     0.00     0.00     0.00     0.00     0.00 -1    -1e-30      0.00 6.775e-01 3.071e-01 1.697e-03 2.381e-03 6.156e-03 -1.000 1.538e-02 0.207 2.101 1.413 0.473 -0.071 -0.515 -1.151 -1.658 -1.726
