# File generated by CMD 3.6 (http://stev.oapd.inaf.it/cmd) on Sun Apr 10 16:31:28 CEST 2022
# isochrones based on PARSEC release v1.2S +  COLIBRI S_37 + S_35 + PR16
# Basic references: Bressan et al. (2012), MNRAS, 427, 127 + Chen et al. (2014, 2015), MNRAS, 444, 2525 + MNRAS, 452, 1068 + Tang et al. (2014), MNRAS, 445, 4287 + Marigo et al. (2017), ApJ, 835, 77 + Pastorelli al. (2019), MNRAS, 485, 5666 + Pastorelli al. (2020), MNRAS, in press
# Thermal pulse cycles included 
# On RGB, assumed Reimers mass loss with efficiency eta=0.2
# LPV periods and growth rates added cf. Trabucchi et al. (2019)
# but fundamental-mode LPV periods are from Trabucchi et al. (2021)
# Photometric system: <i>UBVRIJHK</i> (cf. Maiz-Apellaniz 2006 + Bessell 1990)
# Using YBC version of bolometric corrections as in Chen et al. (2019)
# O-rich circumstellar dpmod60alox40 dust from Groenewegen (2006)
# C-rich circumstellar AMCSIC15 dust from Groenewegen (2006)
# IMF: Kroupa (2001, 2002) + Kroupa et al. (2013) canonical two-part-power law IMF corrected for unresolved binaries 
# Kind of output: isochrone tables
# Zini     MH   logAge Mini        int_IMF         Mass   logL    logTe  logg  label   McoreTP C_O  period0  period1  period2  period3  period4  pmode  Mloss  tau1m   X   Y   Xc  Xn  Xo  Cexcess  Z 	 mbolmag  Umag    Bmag    Vmag    Rmag    Imag    Jmag    Hmag    Kmag
0.0152 0.01508 8.60206 0.3500000238 2.0434176922    0.350 -1.936  3.5133  4.923    0  0.000  0.545     0.00     0.00     0.00     0.00     0.00 -1 -8.55e-16      0.00 7.092e-01 2.755e-01 2.746e-03 7.408e-04 6.719e-03 -1.000 1.527e-02 9.609 14.693 13.267 11.761 10.541 9.127 7.751 7.122 6.863
0.0152 0.01508 8.60206 0.3665219247 2.0696945190    0.367 -1.884  3.5172  4.907    0  0.000  0.545     0.00     0.00     0.00     0.00     0.00 -1  -9.6e-16      0.00 7.092e-01 2.755e-01 2.746e-03 7.408e-04 6.719e-03 -1.000 1.527e-02 9.479 14.467 13.060 11.565 10.366 8.980 7.631 6.999 6.743
0.0152 0.01508 8.60206 0.4000000358 2.1185026169    0.400 -1.784  3.5247  4.875    0  0.000  0.545     0.00     0.00     0.00     0.00     0.00 -1  -1.2e-15      0.00 7.092e-01 2.755e-01 2.746e-03 7.408e-04 6.719e-03 -1.000 1.527e-02 9.230 14.053 12.674 11.198 10.036 8.703 7.400 6.764 6.514
0.0152 0.01508 8.60206 0.4442340732 2.1754074097    0.444 -1.649  3.5353  4.828    0  0.000  0.545     0.00     0.00     0.00     0.00     0.00 -1 -1.64e-15      0.00 7.092e-01 2.755e-01 2.746e-03 7.408e-04 6.719e-03 -1.000 1.527e-02 8.893 13.514 12.163 10.712 9.597 8.332 7.090 6.446 6.204
0.0152 0.01508 8.60206 0.4500000477 2.1822810173    0.450 -1.633  3.5366  4.822    0  0.000  0.545     0.00     0.00     0.00     0.00     0.00 -1  -1.7e-15      0.00 7.092e-01 2.755e-01 2.746e-03 7.408e-04 6.719e-03 -1.000 1.527e-02 8.852 13.450 12.100 10.653 9.543 8.286 7.051 6.406 6.166
0.0152 0.01508 8.60206 0.4508050978 2.1832315922    0.451 -1.630  3.5368  4.821    0  0.000  0.545     0.00     0.00     0.00     0.00     0.00 -1 -1.71e-15      0.00 7.092e-01 2.755e-01 2.746e-03 7.408e-04 6.719e-03 -1.000 1.527e-02 8.845 13.439 12.090 10.643 9.534 8.279 7.045 6.400 6.160
0.0152 0.01508 8.60206 0.5000000000 2.2374541759    0.500 -1.472  3.5519  4.769    0  0.000  0.545     0.00     0.00     0.00     0.00     0.00 -1 -2.48e-15      0.00 7.092e-01 2.755e-01 2.746e-03 7.408e-04 6.719e-03 -1.000 1.527e-02 8.451 12.817 11.478 10.058 9.004 7.844 6.689 6.033 5.804
0.0152 0.01508 8.60206 0.5164116621 2.2537560463    0.516 -1.423  3.5574  4.755    0  0.000  0.545     0.00     0.00     0.00     0.00     0.00 -1 -2.77e-15      0.00 7.094e-01 2.754e-01 2.744e-03 7.404e-04 6.715e-03 -1.000 1.526e-02 8.326 12.621 11.280 9.866 8.830 7.707 6.580 5.920 5.696
0.0152 0.01508 8.60206 0.5500000119 2.2836582661    0.550 -1.316  3.5703  4.728    0  0.000  0.545     0.00     0.00     0.00     0.00     0.00 -1 -3.54e-15      0.00 7.100e-01 2.748e-01 2.738e-03 7.387e-04 6.700e-03 -1.000 1.522e-02 8.061 12.199 10.847 9.444 8.447 7.414 6.350 5.681 5.469
0.0152 0.01508 8.60206 0.6000000238 2.3211214542    0.600 -1.156  3.5933  4.697    0  0.000  0.545     0.00     0.00     0.00     0.00     0.00 -1 -5.09e-15      0.00 7.102e-01 2.746e-01 2.737e-03 7.384e-04 6.697e-03 -1.000 1.519e-02 7.659 11.552 10.173 8.802 7.861 6.980 6.010 5.324 5.143
0.0152 0.01508 8.60206 0.6499999762 2.3520355225    0.650 -0.998  3.6190  4.677    0  0.000  0.545     0.00     0.00     0.00     0.00     0.00 -1 -7.19e-15      0.00 7.103e-01 2.745e-01 2.736e-03 7.381e-04 6.694e-03 -1.000 1.525e-02 7.264 10.897 9.484 8.181 7.300 6.562 5.674 4.984 4.843
0.0152 0.01508 8.60206 0.7000000477 2.3779268265    0.700 -0.845  3.6462  4.665    0  0.000  0.545     0.00     0.00     0.00     0.00     0.00 -1    -1e-14      0.00 7.104e-01 2.743e-01 2.734e-03 7.377e-04 6.691e-03 -1.000 1.523e-02 6.882 10.111 8.752 7.562 6.761 6.164 5.361 4.701 4.597
0.0152 0.01508 8.60206 0.7168178558 2.3857076168    0.717 -0.794  3.6551  4.660    0  0.000  0.542     0.00     0.00     0.00     0.00     0.00 -1 -1.11e-14      0.00 7.107e-01 2.740e-01 2.719e-03 7.367e-04 6.685e-03 -1.000 1.524e-02 6.756 9.794 8.504 7.358 6.590 6.031 5.260 4.622 4.526
0.0152 0.01508 8.60206 0.7500000000 2.3998889923    0.750 -0.700  3.6740  4.661    0  0.000  0.538     0.00     0.00     0.00     0.00     0.00 -1 -1.35e-14      0.00 7.106e-01 2.742e-01 2.697e-03 7.365e-04 6.690e-03 -1.000 1.523e-02 6.519 9.124 8.023 6.972 6.279 5.783 5.079 4.500 4.417
0.0152 0.01508 8.60206 0.8000000119 2.4187245369    0.800 -0.570  3.6941  4.639    0  0.000  0.538     0.00     0.00     0.00     0.00     0.00 -1 -1.81e-14      0.00 7.108e-01 2.740e-01 2.695e-03 7.361e-04 6.686e-03 -1.000 1.521e-02 6.195 8.370 7.477 6.518 5.903 5.454 4.819 4.303 4.230
0.0152 0.01508 8.60206 0.8500000238 2.4350347519    0.850 -0.447  3.7128  4.617    0  0.000  0.538     0.00     0.00     0.00     0.00     0.00 -1 -2.39e-14      0.00 7.110e-01 2.738e-01 2.694e-03 7.356e-04 6.682e-03 -1.000 1.514e-02 5.887 7.692 6.992 6.113 5.562 5.150 4.578 4.117 4.051
0.0152 0.01508 8.60206 0.9000000358 2.4492788315    0.899 -0.330  3.7299  4.594    1  0.000  0.538     0.00     0.00     0.00     0.00     0.00 -1 -3.12e-14      0.00 7.113e-01 2.735e-01 2.691e-03 7.350e-04 6.676e-03 -1.000 1.520e-02 5.596 7.095 6.565 5.751 5.252 4.868 4.350 3.936 3.877
0.0152 0.01508 8.60206 0.9500000477 2.4618122578    0.950 -0.219  3.7453  4.567    1  0.000  0.537     0.00     0.00     0.00     0.00     0.00 -1 -4.05e-14      0.00 7.117e-01 2.731e-01 2.688e-03 7.341e-04 6.668e-03 -1.000 1.517e-02 5.316 6.552 6.171 5.420 4.965 4.607 4.135 3.759 3.707
0.0152 0.01508 8.60206 1.0000000000 2.4729156494    1.000 -0.110  3.7594  4.537    1  0.000  0.538     0.00     0.00     0.00     0.00     0.00 -1 -5.25e-14      0.00 7.122e-01 2.727e-01 2.684e-03 7.330e-04 6.658e-03 -1.000 1.514e-02 5.044 6.050 5.805 5.112 4.696 4.360 3.927 3.582 3.537
0.0152 0.01508 8.60206 1.0499999523 2.4828116894    1.050 -0.006  3.7720  4.505    1  0.000  0.537     0.00     0.00     0.00     0.00     0.00 -1 -6.26e-14      0.00 7.129e-01 2.720e-01 2.678e-03 7.314e-04 6.644e-03 -1.000 1.509e-02 4.786 5.613 5.467 4.829 4.446 4.129 3.730 3.412 3.373
0.0152 0.01508 8.60206 1.1000000238 2.4916803837    1.099  0.093  3.7835  4.472    1  0.000  0.537     0.00     0.00     0.00     0.00     0.00 -1 -7.37e-14      0.00 7.141e-01 2.709e-01 2.668e-03 7.288e-04 6.621e-03 -1.000 1.506e-02 4.538 5.224 5.152 4.563 4.208 3.910 3.540 3.246 3.213
0.0152 0.01508 8.60206 1.1499999762 2.4996678829    1.149  0.188  3.7940  4.438    1  0.000  0.537     0.00     0.00     0.00     0.00     0.00 -1 -8.56e-14      0.00 7.157e-01 2.693e-01 2.655e-03 7.253e-04 6.589e-03 -1.000 1.496e-02 4.300 4.880 4.858 4.314 3.983 3.702 3.357 3.084 3.055
0.0152 0.01508 8.60206 1.2000000477 2.5068950653    1.200  0.280  3.8039  4.405    1  0.000  0.537     0.00     0.00     0.00     0.00     0.00 -1 -9.76e-14      0.00 7.159e-01 2.691e-01 2.657e-03 7.258e-04 6.595e-03 -1.000 1.498e-02 4.071 4.564 4.578 4.076 3.767 3.502 3.180 2.926 2.901
0.0152 0.01508 8.60206 1.2500000000 2.5134611130    1.250  0.367  3.8133  4.374    1  0.000  0.537     0.00     0.00     0.00     0.00     0.00 -1 -1.09e-13      0.00 7.160e-01 2.690e-01 2.657e-03 7.259e-04 6.596e-03 -1.000 1.498e-02 3.853 4.279 4.315 3.853 3.564 3.313 3.013 2.777 2.756
0.0152 0.01508 8.60206 1.2999999523 2.5194499493    1.300  0.449  3.8225  4.345    1  0.000  0.537     0.00     0.00     0.00     0.00     0.00 -1 -1.19e-13      0.00 7.162e-01 2.689e-01 2.656e-03 7.256e-04 6.593e-03 -1.000 1.499e-02 3.647 4.026 4.070 3.639 3.368 3.132 2.854 2.637 2.617
0.0152 0.01508 8.60206 1.3500001431 2.5249314308    1.350  0.527  3.8317  4.320    1  0.000  0.537     0.00     0.00     0.00     0.00     0.00 -1 -1.26e-13      0.00 7.160e-01 2.690e-01 2.657e-03 7.259e-04 6.595e-03 -1.000 1.498e-02 3.451 3.789 3.836 3.437 3.184 2.963 2.706 2.507 2.489
0.0152 0.01508 8.60206 1.4000000954 2.5299651623    1.400  0.602  3.8412  4.299    1  0.000  0.537     0.00     0.00     0.00     0.00     0.00 -1 -1.29e-13      0.00 7.160e-01 2.690e-01 2.657e-03 7.258e-04 6.594e-03 -1.000 1.498e-02 3.266 3.572 3.614 3.246 3.011 2.807 2.571 2.391 2.374
0.0152 0.01508 8.60206 1.4500000477 2.5346016884    1.450  0.672  3.8516  4.286    1  0.000  0.537     0.00     0.00     0.00     0.00     0.00 -1 -1.26e-13      0.00 7.162e-01 2.688e-01 2.656e-03 7.254e-04 6.591e-03 -1.000 1.497e-02 3.089 3.367 3.400 3.063 2.849 2.663 2.450 2.290 2.275
0.0152 0.01508 8.60206 1.4739091396 2.5366914272    1.474  0.705  3.8575  4.283    1  0.000  0.537     0.00     0.00     0.00     0.00     0.00 -1 -1.21e-13      0.00 7.163e-01 2.687e-01 2.655e-03 7.252e-04 6.589e-03 -1.000 1.499e-02 3.006 3.270 3.299 2.978 2.775 2.599 2.399 2.251 2.236
0.0152 0.01508 8.60206 1.5000000000 2.5388846397    1.500  0.741  3.8637  4.280    1  0.000  0.537     0.00     0.00     0.00     0.00     0.00 -1 -1.17e-13      0.00 7.164e-01 2.686e-01 2.654e-03 7.250e-04 6.587e-03 -1.000 1.500e-02 2.918 3.169 3.190 2.887 2.696 2.532 2.345 2.208 2.194
0.0152 0.01508 8.60206 1.5499999523 2.5428512096    1.550  0.807  3.8766  4.280    1  0.000  0.537     0.00     0.00     0.00     0.00     0.00 -1    -1e-13      0.00 7.166e-01 2.685e-01 2.652e-03 7.246e-04 6.584e-03 -1.000 1.497e-02 2.752 2.982 2.988 2.718 2.553 2.412 2.252 2.138 2.125
0.0152 0.01508 8.60206 1.6000000238 2.5465342999    1.600  0.870  3.8890  4.280    1  0.000  0.537     0.00     0.00     0.00     0.00     0.00 -1 -7.62e-14      0.00 7.167e-01 2.683e-01 2.651e-03 7.242e-04 6.581e-03 -1.000 1.498e-02 2.594 2.807 2.797 2.559 2.419 2.300 2.165 2.073 2.061
0.0152 0.01508 8.60206 1.6088361740 2.5471577644    1.608  0.881  3.8910  4.280    1  0.000  0.537     0.00     0.00     0.00     0.00     0.00 -1 -6.88e-14      0.00 7.168e-01 2.682e-01 2.651e-03 7.242e-04 6.580e-03 -1.000 1.497e-02 2.567 2.778 2.764 2.532 2.396 2.281 2.151 2.061 2.049
0.0152 0.01508 8.60206 1.6500000954 2.5499615669    1.649  0.931  3.9003  4.278    1  0.000  0.537     0.00     0.00     0.00     0.00     0.00 -1 -4.32e-14      0.00 7.169e-01 2.682e-01 2.650e-03 7.240e-04 6.578e-03 -1.000 1.494e-02 2.443 2.644 2.618 2.410 2.292 2.194 2.081 2.006 1.996
0.0152 0.01508 8.60206 1.6936283112 2.5527629852    1.693  0.981  3.9093  4.274    1  0.000  0.537     0.00     0.00     0.00     0.00     0.00 -1 -1.24e-28      0.00 7.170e-01 2.681e-01 2.649e-03 7.238e-04 6.577e-03 -1.000 1.495e-02 2.317 2.508 2.472 2.288 2.189 2.106 2.010 1.947 1.937
0.0152 0.01508 8.60206 1.7000000477 2.5531582832    1.699  0.989  3.9105  4.274    1  0.000  0.537     0.00     0.00     0.00     0.00     0.00 -1    -1e-30      0.00 7.170e-01 2.680e-01 2.649e-03 7.238e-04 6.576e-03 -1.000 1.495e-02 2.298 2.489 2.451 2.271 2.174 2.093 1.999 1.939 1.929
0.0152 0.01508 8.60206 1.7198638916 2.5543689728    1.719  1.011  3.9143  4.271    1  0.000  0.537     0.00     0.00     0.00     0.00     0.00 -1    -1e-30      0.00 7.171e-01 2.680e-01 2.649e-03 7.237e-04 6.576e-03 -1.000 1.494e-02 2.243 2.430 2.388 2.219 2.129 2.055 1.967 1.911 1.901
0.0152 0.01508 8.60206 1.7500000000 2.5561456680    1.749  1.044  3.9197  4.267    1  0.000  0.537     0.00     0.00     0.00     0.00     0.00 -1    -1e-30      0.00 7.171e-01 2.680e-01 2.648e-03 7.236e-04 6.575e-03 -1.000 1.493e-02 2.159 2.341 2.294 2.140 2.061 1.996 1.917 1.869 1.859
0.0152 0.01508 8.60206 1.7877409458 2.5582737923    1.787  1.085  3.9261  4.261    1  0.000  0.537     0.00     0.00     0.00     0.00     0.00 -1    -1e-30      0.00 7.172e-01 2.679e-01 2.648e-03 7.234e-04 6.573e-03 -1.000 1.492e-02 2.057 2.233 2.182 2.047 1.980 1.924 1.856 1.815 1.806
0.0152 0.01508 8.60206 1.7999999523 2.5589430332    1.799  1.098  3.9281  4.259    1  0.000  0.537     0.00     0.00     0.00     0.00     0.00 -1    -1e-30      0.00 7.172e-01 2.679e-01 2.648e-03 7.234e-04 6.573e-03 -1.000 1.492e-02 2.024 2.198 2.147 2.017 1.953 1.901 1.836 1.797 1.789
0.0152 0.01508 8.60206 1.8500000238 2.5615673065    1.849  1.151  3.9360  4.250    1  0.000  0.537     0.00     0.00     0.00     0.00     0.00 -1    -1e-30      0.00 7.173e-01 2.678e-01 2.647e-03 7.233e-04 6.572e-03 -1.000 1.495e-02 1.892 2.058 2.008 1.900 1.849 1.807 1.755 1.724 1.716
0.0152 0.01508 8.60206 1.8898881674 2.5635466576    1.889  1.193  3.9418  4.241    1  0.000  0.537     0.00     0.00     0.00     0.00     0.00 -1    -1e-30      0.00 7.173e-01 2.678e-01 2.647e-03 7.232e-04 6.572e-03 -1.000 1.493e-02 1.789 1.949 1.903 1.810 1.767 1.733 1.690 1.665 1.657
0.0152 0.01508 8.60206 1.9000000954 2.5640332699    1.899  1.203  3.9432  4.238    1  0.000  0.537     0.00     0.00     0.00     0.00     0.00 -1    -1e-30      0.00 7.173e-01 2.678e-01 2.647e-03 7.232e-04 6.572e-03 -1.000 1.493e-02 1.762 1.921 1.877 1.788 1.747 1.714 1.673 1.649 1.642
0.0152 0.01508 8.60206 1.9243826866 2.5651824474    1.924  1.228  3.9467  4.233    1  0.000  0.537     0.00     0.00     0.00     0.00     0.00 -1    -1e-30      0.00 7.173e-01 2.677e-01 2.647e-03 7.232e-04 6.571e-03 -1.000 1.493e-02 1.700 1.856 1.816 1.734 1.698 1.670 1.633 1.612 1.606
0.0152 0.01508 8.60206 1.9500001669 2.5663545132    1.950  1.254  3.9501  4.226    1  0.000  0.537     0.00     0.00     0.00     0.00     0.00 -1    -1e-30      0.00 7.173e-01 2.677e-01 2.647e-03 7.231e-04 6.571e-03 -1.000 1.493e-02 1.635 1.787 1.752 1.679 1.647 1.622 1.591 1.573 1.567
0.0152 0.01508 8.60206 1.9933674335 2.5682594776    1.994  1.297  3.9557  4.215    1  0.000  0.537     0.00     0.00     0.00     0.00     0.00 -1    -1e-30      0.00 7.173e-01 2.677e-01 2.647e-03 7.231e-04 6.570e-03 -1.000 1.494e-02 1.526 1.674 1.648 1.587 1.562 1.543 1.519 1.506 1.501
0.0152 0.01508 8.60206 2.0000000000 2.5685424805    2.000  1.304  3.9565  4.213    1  0.000  0.537     0.00     0.00     0.00     0.00     0.00 -1    -1e-30      0.00 7.173e-01 2.678e-01 2.647e-03 7.231e-04 6.571e-03 -1.000 1.494e-02 1.510 1.656 1.633 1.574 1.549 1.531 1.508 1.495 1.491
0.0152 0.01508 8.60206 2.0499999523 2.5706083775    2.050  1.354  3.9627  4.199    1  0.000  0.537     0.00     0.00     0.00     0.00     0.00 -1    -1e-30      0.00 7.174e-01 2.677e-01 2.647e-03 7.231e-04 6.571e-03 -1.000 1.493e-02 1.386 1.528 1.517 1.471 1.453 1.441 1.427 1.418 1.414
0.0152 0.01508 8.60206 2.0812587738 2.5718421936    2.080  1.384  3.9664  4.189    1  0.000  0.537     0.00     0.00     0.00     0.00     0.00 -1    -1e-30      0.00 7.174e-01 2.677e-01 2.646e-03 7.231e-04 6.570e-03 -1.000 1.493e-02 1.310 1.450 1.446 1.408 1.393 1.385 1.375 1.369 1.366
0.0152 0.01508 8.60206 2.0999999046 2.5725615025    2.099  1.402  3.9685  4.184    1  0.000  0.537     0.00     0.00     0.00     0.00     0.00 -1    -1e-30      0.00 7.174e-01 2.677e-01 2.646e-03 7.231e-04 6.570e-03 -1.000 1.491e-02 1.264 1.403 1.404 1.370 1.358 1.352 1.344 1.339 1.337
0.0152 0.01508 8.60206 2.1461434364 2.5742716789    2.145  1.446  3.9734  4.169    1  0.000  0.537     0.00     0.00     0.00     0.00     0.00 -1    -1e-30      0.00 7.173e-01 2.677e-01 2.647e-03 7.231e-04 6.571e-03 -1.000 1.493e-02 1.154 1.291 1.304 1.280 1.271 1.269 1.268 1.266 1.265
0.0152 0.01508 8.60206 2.1500000954 2.5744106770    2.149  1.450  3.9738  4.167    1  0.000  0.537     0.00     0.00     0.00     0.00     0.00 -1    -1e-30      0.00 7.173e-01 2.677e-01 2.647e-03 7.231e-04 6.571e-03 -1.000 1.493e-02 1.145 1.282 1.296 1.272 1.264 1.262 1.262 1.259 1.258
0.0152 0.01508 8.60206 2.2000000477 2.5761635303    2.199  1.498  3.9788  4.150    1  0.000  0.537     0.00     0.00     0.00     0.00     0.00 -1    -1e-30      0.00 7.173e-01 2.677e-01 2.647e-03 7.232e-04 6.571e-03 -1.000 1.497e-02 1.026 1.161 1.188 1.174 1.170 1.172 1.177 1.178 1.178
0.0152 0.01508 8.60206 2.2266993523 2.5770623684    2.225  1.523  3.9813  4.140    1  0.000  0.537     0.00     0.00     0.00     0.00     0.00 -1    -1e-30      0.00 7.173e-01 2.678e-01 2.647e-03 7.232e-04 6.571e-03 -1.000 1.494e-02 0.963 1.098 1.131 1.122 1.119 1.124 1.132 1.134 1.135
0.0152 0.01508 8.60206 2.2500000000 2.5778269768    2.249  1.545  3.9833  4.130    1  0.000  0.537     0.00     0.00     0.00     0.00     0.00 -1    -1e-30      0.00 7.173e-01 2.678e-01 2.647e-03 7.232e-04 6.571e-03 -1.000 1.493e-02 0.908 1.043 1.081 1.075 1.074 1.080 1.091 1.093 1.095
0.0152 0.01508 8.60206 2.2749516964 2.5786256790    2.273  1.568  3.9854  4.120    1  0.000  0.537     0.00     0.00     0.00     0.00     0.00 -1    -1e-30      0.00 7.173e-01 2.678e-01 2.647e-03 7.232e-04 6.571e-03 -1.000 1.494e-02 0.849 0.984 1.027 1.026 1.027 1.034 1.047 1.050 1.053
0.0152 0.01508 8.60206 2.2999999523 2.5794074535    2.299  1.592  3.9874  4.109    1  0.000  0.537     0.00     0.00     0.00     0.00     0.00 -1    -1e-30      0.00 7.173e-01 2.678e-01 2.648e-03 7.233e-04 6.572e-03 -1.000 1.495e-02 0.790 0.924 0.973 0.975 0.977 0.986 1.001 1.006 1.008
0.0152 0.01508 8.60206 2.3292474747 2.5802958012    2.328  1.619  3.9895  4.096    1  0.000  0.537     0.00     0.00     0.00     0.00     0.00 -1    -1e-30      0.00 7.173e-01 2.678e-01 2.648e-03 7.233e-04 6.572e-03 -1.000 1.495e-02 0.721 0.855 0.910 0.916 0.920 0.930 0.947 0.953 0.956
0.0152 0.01508 8.60206 2.3998696804 2.5823388100    2.399  1.685  3.9939  4.060    1  0.000  0.537     0.00     0.00     0.00     0.00     0.00 -1    -1e-30      0.00 7.172e-01 2.679e-01 2.648e-03 7.235e-04 6.574e-03 -1.000 1.495e-02 0.557 0.689 0.757 0.771 0.777 0.791 0.813 0.820 0.825
0.0152 0.01508 8.60206 2.4000000954 2.5823426247    2.399  1.685  3.9939  4.060    1  0.000  0.537     0.00     0.00     0.00     0.00     0.00 -1    -1e-30      0.00 7.172e-01 2.679e-01 2.648e-03 7.235e-04 6.574e-03 -1.000 1.495e-02 0.556 0.688 0.757 0.771 0.777 0.790 0.813 0.820 0.825
0.0152 0.01508 8.60206 2.4533829689 2.5837972164    2.453  1.734  3.9968  4.032    1  0.000  0.537     0.00     0.00     0.00     0.00     0.00 -1    -1e-30      0.00 7.153e-01 2.697e-01 2.663e-03 7.274e-04 6.609e-03 -1.000 1.502e-02 0.434 0.565 0.642 0.662 0.670 0.685 0.711 0.719 0.725
0.0152 0.01508 8.60206 2.5109488964 2.5852863789    2.510  1.788  3.9989  3.998    1  0.000  0.537     0.00     0.00     0.00     0.00     0.00 -1    -1e-30      0.00 7.130e-01 2.719e-01 2.680e-03 7.321e-04 6.650e-03 -1.000 1.512e-02 0.301 0.430 0.514 0.539 0.548 0.565 0.593 0.602 0.609
0.0152 0.01508 8.60206 2.5584328175 2.5864570141    2.558  1.831  3.9996  3.965    1  0.000  0.538     0.00     0.00     0.00     0.00     0.00 -1    -1e-30      0.00 7.110e-01 2.738e-01 2.696e-03 7.362e-04 6.687e-03 -1.000 1.520e-02 0.191 0.317 0.405 0.433 0.442 0.459 0.488 0.497 0.504
0.0152 0.01508 8.60206 2.5999999046 2.5874414444    2.600  1.870  3.9995  3.933    1  0.000  0.538     0.00     0.00     0.00     0.00     0.00 -1    -1e-30      0.00 7.092e-01 2.755e-01 2.710e-03 7.399e-04 6.720e-03 -1.000 1.527e-02 0.095 0.218 0.308 0.337 0.346 0.363 0.392 0.401 0.408
0.0152 0.01508 8.60206 2.6019363403 2.5874865055    2.602  1.872  3.9995  3.932    1  0.000  0.538     0.00     0.00     0.00     0.00     0.00 -1    -1e-30      0.00 7.092e-01 2.755e-01 2.710e-03 7.399e-04 6.720e-03 -1.000 1.527e-02 0.091 0.214 0.303 0.332 0.341 0.358 0.387 0.396 0.403
0.0152 0.01508 8.60206 2.6531999111 2.5886497498    2.653  1.919  3.9980  3.887    1  0.000  0.538     0.00     0.00     0.00     0.00     0.00 -1    -1e-30      0.00 7.092e-01 2.755e-01 2.710e-03 7.399e-04 6.720e-03 -1.000 1.527e-02 -0.028 0.091 0.178 0.207 0.216 0.231 0.258 0.267 0.274
0.0152 0.01508 8.60206 2.7028374672 2.5897281170    2.703  1.965  3.9944  3.834    1  0.000  0.538     0.00     0.00     0.00     0.00     0.00 -1    -1e-30      0.00 7.092e-01 2.755e-01 2.710e-03 7.399e-04 6.720e-03 -1.000 1.527e-02 -0.143 -0.030 0.048 0.075 0.082 0.095 0.118 0.125 0.131
0.0152 0.01508 8.60206 2.7467374802 2.5906443596    2.747  2.006  3.9894  3.780    1  0.000  0.538     0.00     0.00     0.00     0.00     0.00 -1    -1e-30      0.00 7.092e-01 2.755e-01 2.710e-03 7.399e-04 6.720e-03 -1.000 1.527e-02 -0.245 -0.138 -0.073 -0.049 -0.045 -0.035 -0.017 -0.013 -0.008
0.0152 0.01508 8.60206 2.7839448452 2.5913951397    2.784  2.040  3.9835  3.728    1  0.000  0.538     0.00     0.00     0.00     0.00     0.00 -1    -1e-30      0.00 7.092e-01 2.755e-01 2.710e-03 7.399e-04 6.720e-03 -1.000 1.527e-02 -0.331 -0.228 -0.179 -0.161 -0.160 -0.153 -0.143 -0.141 -0.138
0.0152 0.01508 8.60206 2.8000001907 2.5917119980    2.800  2.055  3.9803  3.703    1  0.000  0.538     0.00     0.00     0.00     0.00     0.00 -1    -1e-30      0.00 7.092e-01 2.755e-01 2.710e-03 7.399e-04 6.720e-03 -1.000 1.527e-02 -0.368 -0.267 -0.227 -0.211 -0.212 -0.207 -0.201 -0.200 -0.198
0.0152 0.01508 8.60206 2.8288769722 2.5922713280    2.829  2.081  3.9734  3.654    1  0.000  0.538     0.00     0.00     0.00     0.00     0.00 -1    -1e-30      0.00 7.092e-01 2.755e-01 2.710e-03 7.399e-04 6.720e-03 -1.000 1.527e-02 -0.433 -0.334 -0.313 -0.306 -0.310 -0.311 -0.313 -0.316 -0.315
0.0152 0.01508 8.60206 2.8563041687 2.5927908421    2.857  2.106  3.9656  3.602    1  0.000  0.538     0.00     0.00     0.00     0.00     0.00 -1    -1e-30      0.00 7.092e-01 2.755e-01 2.710e-03 7.399e-04 6.720e-03 -1.000 1.527e-02 -0.495 -0.396 -0.397 -0.399 -0.409 -0.414 -0.427 -0.434 -0.435
0.0152 0.01508 8.60206 2.8836684227 2.5932977200    2.884  2.131  3.9567  3.546    1  0.000  0.538     0.00     0.00     0.00     0.00     0.00 -1    -1e-30      0.00 7.092e-01 2.755e-01 2.710e-03 7.399e-04 6.720e-03 -1.000 1.527e-02 -0.557 -0.454 -0.481 -0.495 -0.511 -0.524 -0.549 -0.561 -0.564
0.0152 0.01508 8.60206 2.9056429863 2.5936968327    2.906  2.152  3.9481  3.493    1  0.000  0.538     0.00     0.00     0.00     0.00     0.00 -1    -1e-30      0.00 7.092e-01 2.755e-01 2.710e-03 7.399e-04 6.720e-03 -1.000 1.527e-02 -0.610 -0.501 -0.552 -0.578 -0.602 -0.622 -0.659 -0.676 -0.682
0.0152 0.01508 8.60206 2.9287557602 2.5941090584    2.929  2.180  3.9423  3.446    1  0.000  0.538     0.00     0.00     0.00     0.00     0.00 -1    -1e-30      0.00 7.092e-01 2.755e-01 2.710e-03 7.399e-04 6.720e-03 -1.000 1.527e-02 -0.679 -0.565 -0.630 -0.666 -0.695 -0.720 -0.766 -0.786 -0.794
0.0152 0.01508 8.60206 2.9359064102 2.5942351818    2.936  2.197  3.9474  3.450    1  0.000  0.538     0.00     0.00     0.00     0.00     0.00 -1    -1e-30      0.00 7.092e-01 2.755e-01 2.710e-03 7.399e-04 6.720e-03 -1.000 1.527e-02 -0.723 -0.617 -0.668 -0.693 -0.717 -0.737 -0.776 -0.793 -0.799
0.0152 0.01508 8.60206 2.9417195320 2.5943372250    2.942  2.219  3.9573  3.469    1  0.000  0.538     0.00     0.00     0.00     0.00     0.00 -1    -1e-30      0.00 7.092e-01 2.755e-01 2.710e-03 7.399e-04 6.720e-03 -1.000 1.527e-02 -0.777 -0.682 -0.705 -0.713 -0.728 -0.740 -0.764 -0.776 -0.779
0.0152 0.01508 8.60206 2.9438221455 2.5943739414    2.944  2.237  3.9677  3.493    1  0.000  0.538     0.00     0.00     0.00     0.00     0.00 -1    -1e-30      0.00 7.092e-01 2.755e-01 2.710e-03 7.399e-04 6.720e-03 -1.000 1.527e-02 -0.822 -0.733 -0.726 -0.717 -0.725 -0.729 -0.739 -0.745 -0.745
0.0152 0.01508 8.60206 2.9448239803 2.5943913460    2.945  2.254  3.9779  3.516    1  0.000  0.538     0.00     0.00     0.00     0.00     0.00 -1    -1e-30      0.00 7.092e-01 2.755e-01 2.710e-03 7.399e-04 6.720e-03 -1.000 1.527e-02 -0.866 -0.780 -0.741 -0.719 -0.720 -0.717 -0.714 -0.714 -0.712
0.0152 0.01508 8.60206 2.9453916550 2.5944013596    2.946  2.273  3.9878  3.538    1  0.000  0.538     0.00     0.00     0.00     0.00     0.00 -1    -1e-30      0.00 7.092e-01 2.755e-01 2.710e-03 7.399e-04 6.720e-03 -1.000 1.527e-02 -0.912 -0.826 -0.756 -0.722 -0.717 -0.708 -0.693 -0.689 -0.684
0.0152 0.01508 8.60206 2.9457597733 2.5944077969    2.946  2.294  3.9978  3.557    1  0.000  0.538     0.00     0.00     0.00     0.00     0.00 -1    -1e-30      0.00 7.092e-01 2.755e-01 2.710e-03 7.399e-04 6.720e-03 -1.000 1.527e-02 -0.965 -0.875 -0.774 -0.729 -0.720 -0.706 -0.678 -0.670 -0.662
0.0152 0.01508 8.60206 2.9459986687 2.5944118500    2.946  2.313  4.0064  3.572    1  0.000  0.538     0.00     0.00     0.00     0.00     0.00 -1    -1e-30      0.00 7.092e-01 2.755e-01 2.710e-03 7.399e-04 6.720e-03 -1.000 1.527e-02 -1.013 -0.919 -0.789 -0.737 -0.725 -0.706 -0.668 -0.657 -0.646
0.0152 0.01508 8.60206 2.9460973740 2.5944135189    2.946  2.320  4.0097  3.578    1  0.000  0.538     0.00     0.00     0.00     0.00     0.00 -1    -1e-30      0.00 7.092e-01 2.755e-01 2.710e-03 7.399e-04 6.720e-03 -1.000 1.527e-02 -1.029 -0.934 -0.793 -0.738 -0.725 -0.704 -0.662 -0.650 -0.638
0.0152 0.01508 8.60206 2.9461987019 2.5944154263    2.946  2.293  4.0035  3.580    1  0.000  0.538     0.00     0.00     0.00     0.00     0.00 -1    -1e-30      0.00 7.092e-01 2.755e-01 2.710e-03 7.399e-04 6.720e-03 -1.000 1.527e-02 -0.962 -0.869 -0.749 -0.700 -0.689 -0.671 -0.637 -0.627 -0.617
0.0152 0.01508 8.60206 2.9462809563 2.5944168568    2.947  2.269  3.9958  3.574    2  0.000  0.538     0.00     0.00     0.00     0.00     0.00 -1    -1e-30      0.00 7.092e-01 2.755e-01 2.710e-03 7.399e-04 6.720e-03 -1.000 1.527e-02 -0.902 -0.812 -0.717 -0.676 -0.668 -0.654 -0.629 -0.622 -0.614
0.0152 0.01508 8.60206 2.9463541508 2.5944180489    2.947  2.253  3.9871  3.554    2  0.000  0.538     0.00     0.00     0.00     0.00     0.00 -1    -1e-30      0.00 7.092e-01 2.755e-01 2.710e-03 7.399e-04 6.720e-03 -1.000 1.527e-02 -0.864 -0.776 -0.709 -0.677 -0.673 -0.664 -0.650 -0.646 -0.641
0.0152 0.01508 8.60206 2.9464538097 2.5944197178    2.947  2.248  3.9755  3.513    2  0.000  0.538     0.00     0.00     0.00     0.00     0.00 -1    -1e-30      0.00 7.092e-01 2.755e-01 2.710e-03 7.399e-04 6.720e-03 -1.000 1.527e-02 -0.851 -0.765 -0.733 -0.714 -0.717 -0.715 -0.715 -0.717 -0.715
0.0152 0.01508 8.60206 2.9465694427 2.5944218636    2.947  2.256  3.9638  3.458    2  0.000  0.538     0.00     0.00     0.00     0.00     0.00 -1    -1e-30      0.00 7.092e-01 2.755e-01 2.710e-03 7.399e-04 6.720e-03 -1.000 1.527e-02 -0.871 -0.783 -0.785 -0.781 -0.792 -0.798 -0.814 -0.822 -0.823
0.0152 0.01508 8.60206 2.9467020035 2.5944242477    2.947  2.267  3.9520  3.400    2  0.000  0.538     0.00     0.00     0.00     0.00     0.00 -1    -1e-30      0.00 7.092e-01 2.755e-01 2.710e-03 7.399e-04 6.720e-03 -1.000 1.527e-02 -0.898 -0.803 -0.839 -0.852 -0.872 -0.888 -0.919 -0.934 -0.938
0.0152 0.01508 8.60206 2.9468476772 2.5944266319    2.947  2.275  3.9402  3.345    2  0.000  0.538     0.00     0.00     0.00     0.00     0.00 -1    -1e-30      0.00 7.092e-01 2.755e-01 2.710e-03 7.399e-04 6.720e-03 -1.000 1.527e-02 -0.917 -0.808 -0.877 -0.910 -0.941 -0.967 -1.016 -1.038 -1.046
0.0152 0.01508 8.60206 2.9470038414 2.5944294930    2.947  2.279  3.9283  3.294    2  0.000  0.538     0.00     0.00     0.00     0.00     0.00 -1    -1e-30      0.00 7.092e-01 2.755e-01 2.710e-03 7.399e-04 6.720e-03 -1.000 1.527e-02 -0.928 -0.797 -0.895 -0.952 -0.995 -1.035 -1.102 -1.134 -1.144
0.0152 0.01508 8.60206 2.9471685886 2.5944323540    2.947  2.280  3.9164  3.245    2  0.000  0.538     0.00     0.00     0.00     0.00     0.00 -1    -1e-30      0.00 7.092e-01 2.755e-01 2.710e-03 7.399e-04 6.720e-03 -1.000 1.527e-02 -0.931 -0.773 -0.894 -0.978 -1.038 -1.093 -1.180 -1.224 -1.236
0.0152 0.01508 8.60206 2.9473392963 2.5944352150    2.948  2.279  3.9044  3.198    2  0.000  0.538     0.00     0.00     0.00     0.00     0.00 -1    -1e-30      0.00 7.092e-01 2.755e-01 2.710e-03 7.399e-04 6.720e-03 -1.000 1.527e-02 -0.929 -0.742 -0.879 -0.993 -1.072 -1.143 -1.252 -1.309 -1.324
0.0152 0.01508 8.60206 2.9475133419 2.5944383144    2.948  2.277  3.8924  3.152    2  0.000  0.538     0.00     0.00     0.00     0.00     0.00 -1    -1e-30      0.00 7.092e-01 2.755e-01 2.710e-03 7.399e-04 6.720e-03 -1.000 1.527e-02 -0.922 -0.705 -0.851 -0.999 -1.099 -1.188 -1.319 -1.391 -1.408
0.0152 0.01508 8.60206 2.9476871490 2.5944414139    2.948  2.273  3.8804  3.108    2  0.000  0.538     0.00     0.00     0.00     0.00     0.00 -1    -1e-30      0.00 7.092e-01 2.755e-01 2.710e-03 7.399e-04 6.720e-03 -1.000 1.527e-02 -0.913 -0.662 -0.807 -0.996 -1.119 -1.229 -1.382 -1.471 -1.490
0.0152 0.01508 8.60206 2.9478585720 2.5944442749    2.948  2.268  3.8683  3.065    2  0.000  0.538     0.00     0.00     0.00     0.00     0.00 -1    -1e-30      0.00 7.092e-01 2.755e-01 2.710e-03 7.399e-04 6.720e-03 -1.000 1.527e-02 -0.900 -0.614 -0.753 -0.984 -1.134 -1.264 -1.442 -1.549 -1.570
0.0152 0.01508 8.60206 2.9480254650 2.5944471359    2.948  2.262  3.8562  3.022    2  0.000  0.538     0.00     0.00     0.00     0.00     0.00 -1    -1e-30      0.00 7.092e-01 2.755e-01 2.710e-03 7.399e-04 6.720e-03 -1.000 1.527e-02 -0.885 -0.561 -0.693 -0.966 -1.141 -1.294 -1.497 -1.624 -1.647
0.0152 0.01508 8.60206 2.9481866360 2.5944499969    2.948  2.255  3.8441  2.981    2  0.000  0.538     0.00     0.00     0.00     0.00     0.00 -1    -1e-30      0.00 7.092e-01 2.755e-01 2.710e-03 7.399e-04 6.720e-03 -1.000 1.527e-02 -0.867 -0.501 -0.628 -0.941 -1.142 -1.318 -1.547 -1.697 -1.721
0.0152 0.01508 8.60206 2.9483408928 2.5944526196    2.949  2.247  3.8320  2.940    2  0.000  0.538     0.00     0.00     0.00     0.00     0.00 -1    -1e-30      0.00 7.092e-01 2.755e-01 2.710e-03 7.399e-04 6.720e-03 -1.000 1.527e-02 -0.848 -0.434 -0.557 -0.912 -1.139 -1.337 -1.593 -1.767 -1.793
0.0152 0.01508 8.60206 2.9484877586 2.5944552422    2.949  2.238  3.8199  2.901    2  0.000  0.538     0.00     0.00     0.00     0.00     0.00 -1    -1e-30      0.00 7.092e-01 2.755e-01 2.710e-03 7.399e-04 6.720e-03 -1.000 1.527e-02 -0.826 -0.355 -0.479 -0.878 -1.131 -1.352 -1.635 -1.834 -1.862
0.0152 0.01508 8.60206 2.9486279488 2.5944576263    2.949  2.229  3.8079  2.862    2  0.000  0.538     0.00     0.00     0.00     0.00     0.00 -1    -1e-30      0.00 7.092e-01 2.755e-01 2.710e-03 7.399e-04 6.720e-03 -1.000 1.527e-02 -0.803 -0.261 -0.394 -0.841 -1.120 -1.363 -1.675 -1.897 -1.929
0.0152 0.01508 8.60206 2.9487621784 2.5944600105    2.949  2.219  3.7963  2.826    2  0.000  0.538     0.00     0.00     0.00     0.00     0.00 -1    -1e-30      0.00 7.092e-01 2.755e-01 2.710e-03 7.399e-04 6.720e-03 -1.000 1.527e-02 -0.777 -0.150 -0.301 -0.800 -1.106 -1.370 -1.710 -1.957 -1.993
0.0152 0.01508 8.60206 2.9488961697 2.5944623947    2.949  2.207  3.7848  2.791    2  0.000  0.538     0.00     0.00     0.00     0.00     0.00 -1    -1e-30      0.00 7.092e-01 2.755e-01 2.710e-03 7.399e-04 6.720e-03 -1.000 1.527e-02 -0.749 -0.025 -0.201 -0.753 -1.086 -1.371 -1.740 -2.012 -2.051
0.0152 0.01508 8.60206 2.9490389824 2.5944647789    2.949  2.194  3.7733  2.759    2  0.000  0.538     0.00     0.00     0.00     0.00     0.00 -1    -1e-30      0.00 7.092e-01 2.755e-01 2.710e-03 7.399e-04 6.720e-03 -1.000 1.527e-02 -0.714 0.120 -0.088 -0.696 -1.056 -1.363 -1.762 -2.062 -2.105
0.0152 0.01508 8.60206 2.9492020607 2.5944676399    2.949  2.175  3.7623  2.734    2  0.000  0.538     0.00     0.00     0.00     0.00     0.00 -1    -1e-30      0.00 7.092e-01 2.755e-01 2.710e-03 7.399e-04 6.720e-03 -1.000 1.527e-02 -0.668 0.281 0.035 -0.625 -1.011 -1.339 -1.768 -2.095 -2.142
0.0152 0.01508 8.60206 2.9493579865 2.5944705009    2.950  2.155  3.7533  2.718    2  0.000  0.538     0.00     0.00     0.00     0.00     0.00 -1    -1e-30      0.00 7.092e-01 2.755e-01 2.710e-03 7.399e-04 6.720e-03 -1.000 1.527e-02 -0.617 0.432 0.149 -0.551 -0.957 -1.301 -1.757 -2.107 -2.156
