1  943.629  23.468  14.759  0.002
2  1261.129  28.979  18.786  0.060
3  1498.555  32.763  15.188  0.002
4  1365.245  49.361  15.493  0.003
5  1476.800  62.680  17.117  0.010
6  433.031  74.969  16.955  0.009
7  1662.872  94.873  16.544  0.006
8  34.813  110.664  16.872  0.008
9  23.377  116.271  17.605  0.016
10  722.970  119.148  18.871  0.046
11  1304.967  121.151  19.061  0.053
12  1588.819  121.482  18.424  0.030
13  1814.450  138.035  15.740  0.003
14  1632.905  139.303  18.341  0.028
15  1350.536  141.741  14.117  0.001
16  1073.619  145.912  15.256  0.002
17  1918.620  153.486  17.187  0.012
18  2022.899  157.183  18.375  0.032
19  1934.655  169.774  12.342  0.000
20  1934.755  169.879  12.342  0.000
21  275.883  173.775  17.852  0.018
22  593.837  174.828  18.168  0.025
23  588.872  180.392  18.111  0.023
24  576.879  193.202  17.163  0.010
25  916.236  214.267  15.006  0.002
26  889.868  215.464  19.061  0.057
27  1727.420  219.492  18.163  0.024
28  1528.187  230.813  14.004  0.001
29  90.821  257.562  17.756  0.018
30  1341.746  260.960  17.053  0.009
31  248.609  266.197  13.501  0.001
32  961.445  266.063  13.226  0.001
33  856.213  268.989  17.406  0.012
34  580.010  278.769  18.676  0.038
35  1631.399  287.843  16.948  0.009
36  1532.609  303.251  18.461  0.030
37  1938.208  308.628  16.628  0.006
38  664.047  311.440  17.884  0.018
39  1644.663  316.712  17.663  0.017
40  1346.076  320.258  18.609  0.034
41  1083.275  324.088  15.721  0.003
42  1531.247  339.350  19.008  0.052
43  167.193  343.361  18.784  0.043
44  519.783  349.788  17.622  0.015
45  1965.605  351.235  18.208  0.025
46  1122.258  372.512  18.833  0.041
47  394.872  379.483  16.478  0.006
48  458.858  383.227  16.817  0.008
49  426.948  390.798  16.634  0.007
50  388.958  403.575  18.454  0.033
51  1437.671  411.535  15.118  0.002
52  1413.646  418.761  17.890  0.020
53  992.045  421.200  14.846  0.002
54  97.057  453.222  14.539  0.001
55  517.301  459.038  18.223  0.025
56  1100.988  462.728  14.517  0.001
57  564.902  464.359  18.361  0.029
58  301.433  468.246  18.395  0.030
59  1080.350  484.914  18.797  0.046
60  1512.312  485.746  14.273  0.001
61  45.835  487.126  18.229  0.027
62  1606.222  506.448  14.565  0.001
63  149.360  513.979  18.008  0.021
64  1076.015  522.940  17.419  0.012
65  1394.332  526.226  18.272  0.026
66  688.845  543.707  14.774  0.002
67  1618.676  543.259  18.416  0.031
68  1545.554  551.768  15.436  0.002
69  1196.306  560.057  19.014  0.049
70  756.323  562.171  13.551  0.001
71  923.096  583.638  15.821  0.003
72  1897.115  584.085  18.266  0.025
73  1056.170  588.396  17.653  0.014
74  881.149  599.235  15.899  0.004
75  1377.628  610.078  15.586  0.003
76  1209.943  620.959  18.395  0.029
77  1307.464  621.731  19.159  0.056
78  1977.364  624.087  18.725  0.039
79  562.394  637.661  18.589  0.034
80  101.846  652.256  17.710  0.016
81  88.046  652.474  18.322  0.028
82  1168.863  661.868  12.894  0.001
83  1168.917  661.909  12.894  0.001
84  1200.376  672.077  17.933  0.022
85  975.821  685.933  15.390  0.002
86  1817.135  690.745  17.541  0.014
87  522.137  691.514  22.889  1.789
88  1440.557  710.261  15.229  0.002
89  489.284  713.698  18.613  0.036
90  1475.920  713.709  14.186  0.001
91  805.176  716.867  13.165  0.001
92  477.032  719.079  18.313  0.027
93  1871.122  720.869  18.334  0.029
94  1004.832  723.238  18.908  0.045
95  1098.955  728.288  18.797  0.042
96  488.826  730.488  18.928  0.049
97  1183.407  737.233  12.934  0.001
98  1334.027  757.024  18.682  0.038
99  1885.128  778.296  18.356  0.028
100  1042.607  807.074  17.550  0.016
101  1062.488  810.049  13.368  0.001
102  1665.112  809.951  18.261  0.026
103  1157.357  823.611  16.851  0.007
104  1663.354  824.079  17.773  0.017
105  1248.435  825.247  18.704  0.039
106  1013.796  828.969  18.742  0.041
107  1093.920  838.018  14.531  0.001
108  2005.416  841.222  18.829  0.053
109  1584.906  845.028  15.919  0.003
110  419.039  866.192  13.902  0.001
111  1980.695  870.204  15.772  0.004
112  477.952  879.967  18.834  0.043
113  729.136  880.555  18.379  0.029
114  1081.358  887.763  12.809  0.001
115  1283.444  886.687  15.219  0.002
116  655.632  893.155  18.638  0.035
117  1760.620  894.418  18.248  0.027
118  1645.380  905.026  18.058  0.021
119  1695.179  921.941  15.711  0.003
120  1211.506  923.832  13.861  0.001
121  1251.429  925.608  15.244  0.002
122  1141.758  927.392  13.897  0.001
123  1369.943  932.947  17.169  0.009
124  1146.748  937.373  13.751  0.001
125  1586.049  941.780  18.895  0.045
126  792.490  941.820  23.939  4.712
127  548.286  950.894  17.901  0.019
128  501.652  967.455  17.554  0.014
129  94.783  969.111  16.177  0.005
130  1702.684  978.638  18.084  0.022
131  552.865  986.811  17.524  0.014
132  678.394  988.150  13.353  0.001
133  1238.955  990.331  18.081  0.024
134  1794.848  993.669  19.077  0.060
135  696.521  1004.588  15.915  0.004
136  982.216  1011.093  18.140  0.023
137  1766.743  1025.025  18.218  0.026
138  27.305  1026.998  15.302  0.002
139  260.009  1027.627  13.375  0.001
140  1227.782  1033.440  12.742  0.001
141  525.816  1032.886  17.854  0.018
142  1010.867  1035.764  18.803  0.043
143  1189.969  1047.936  17.258  0.012
144  1329.585  1052.665  17.954  0.020
145  476.155  1058.581  18.134  0.024
146  706.225  1073.119  15.632  0.003
147  1367.586  1076.134  15.131  0.002
148  1282.891  1078.285  13.488  0.001
149  1749.991  1079.202  16.245  0.005
150  1610.785  1109.927  17.897  0.019
151  654.007  1112.669  17.798  0.018
152  1182.198  1112.009  16.111  0.004
153  1811.569  1134.469  16.942  0.009
154  1747.978  1143.888  17.587  0.015
155  402.808  1153.132  18.175  0.024
156  873.034  1154.127  15.966  0.004
157  1309.498  1158.251  18.387  0.029
158  287.023  1160.615  16.988  0.009
159  995.944  1165.354  17.353  0.011
160  1734.875  1197.164  18.422  0.052
161  2023.681  1200.220  16.731  0.007
162  1177.944  1208.628  18.465  0.031
163  499.547  1214.580  17.023  0.009
164  1508.776  1218.982  16.009  0.004
165  1014.995  1221.881  18.912  0.047
166  1737.001  1229.142  14.876  0.002
167  1377.475  1231.750  13.059  0.001
168  681.449  1247.407  18.077  0.022
169  321.836  1249.574  16.847  0.008
170  1503.680  1251.913  16.904  0.008
171  756.947  1253.835  14.241  0.001
172  1272.223  1259.470  16.323  0.005
173  1942.609  1259.068  18.333  0.028
174  756.834  1271.078  15.251  0.002
175  1082.299  1274.796  13.669  0.001
176  1774.770  1290.682  15.896  0.004
177  345.911  1292.405  26.518  51.475
178  77.448  1305.967  17.994  0.022
179  401.036  1306.720  18.110  0.023
180  758.136  1310.774  18.799  0.044
181  1532.985  1319.588  15.221  0.002
182  1617.892  1329.438  13.673  0.001
183  183.170  1344.691  18.310  0.028
184  1152.889  1348.090  13.540  0.001
185  1986.781  1347.963  16.689  0.007
186  123.363  1370.520  18.332  0.028
187  676.976  1377.167  17.614  0.015
188  547.287  1384.555  14.042  0.001
189  1432.222  1397.940  18.444  0.031
190  895.569  1402.728  18.524  0.034
191  269.465  1407.204  15.340  0.002
193  1496.742  1436.370  20.436  0.202
194  175.074  1455.705  17.019  0.009
195  773.444  1467.576  16.110  0.004
196  469.698  1471.671  16.972  0.009
197  909.103  1483.116  17.096  0.010
198  720.036  1495.931  18.478  0.032
199  1915.476  1500.620  17.737  0.017
200  2023.500  1500.351  14.020  0.001
201  1228.538  1541.201  22.131  0.962
202  178.001  1545.448  18.206  0.026
203  477.063  1549.796  18.437  0.032
204  1242.661  1554.414  16.884  0.008
205  1227.885  1603.120  17.763  0.017
206  1993.205  1622.429  22.357  1.165
207  531.802  1628.869  17.364  0.014
208  118.237  1645.164  16.247  0.005
209  480.108  1653.712  21.745  0.656
210  331.164  1693.411  17.828  0.020
211  1261.416  1697.062  18.777  0.047
212  1548.023  1697.906  16.012  0.004
213  314.641  1698.959  18.152  0.026
214  1359.722  1698.979  18.430  0.032
215  1484.150  1731.687  15.348  0.002
216  1287.301  1758.866  17.278  0.013
217  1719.556  1787.661  18.724  0.041
218  489.242  1812.351  17.201  0.010
219  285.197  1814.325  15.653  0.003
220  24.354  1863.231  17.796  0.020
221  1730.540  1870.124  17.974  0.020
222  1331.906  1896.829  18.332  0.029
223  695.997  1900.782  16.978  0.009
224  1144.721  1902.082  14.115  0.001
225  1011.133  1902.789  18.100  0.024
226  683.890  1906.595  16.185  0.005
227  163.694  1908.493  14.871  0.002
228  1503.874  1952.909  18.567  0.036
229  68.733  1955.283  14.739  0.002
230  68.660  1955.211  14.739  0.002
231  541.262  1971.536  18.170  0.025
232  917.519  1971.279  15.937  0.004
233  1208.650  1972.598  16.630  0.007
234  869.609  1997.906  18.275  0.029
235  1941.068  2009.785  17.319  0.012
236  1263.556  2023.955  17.503  0.017
237  1493.557  2026.291  17.397  0.013
238  749.846  2031.772  17.060  0.011
239  768.666  2034.823  15.432  0.003
